#three circles have diameter of 1 and each has 200 points uniformly dist inside.
#The background contains 2000 points in 10x10 area making density ratio ~ 40/3
#DIM = 2
2.7354830238145 3.0714117246338  2
2.9508203407965 3.0303364246929  2
3.3002222754732 3.2883455240942  2
2.5429320795188 2.8453243271948  2
2.7817122594281 3.3855417283548  2
3.3419931413801 3.0402238726585  2
2.6110977224827 3.232287623608  2
3.0639035019668 2.959691408678  2
3.1842144374939 2.7553195568817  2
2.8760536189292 3.2718623298852  2
2.640608424774 3.1461734791188  2
2.6004686884586 3.1358986391661  2
3.1558492892217 2.6693489888338  2
3.2151308514758 3.3540143318754  2
3.08952799541 3.251884119737  2
3.0094189527767 3.2112747975993  2
2.7537134893395 2.6941738706046  2
2.7864112012908 3.0934785004225  2
2.917207040672 2.6105668361935  2
2.5413081828599 2.8894679885536  2
2.5801291850813 3.2678812616002  2
3.3519007508239 2.6851728183936  2
3.2635086917347 3.3475224147905  2
3.3527701097737 2.6648162460188  2
3.2117985467503 3.0368514299108  2
2.8750583718423 3.0670311166304  2
3.1190310609316 2.7586471603866  2
3.0542764642764 3.0961952093663  2
3.066250768764 2.8352735642467  2
3.1764888839352 2.6364286370593  2
2.9850935610037 2.8166240376226  2
2.9339018240408 2.9329795220944  2
3.2466305185812 2.8198497892391  2
2.7564404038517 2.7865216318798  2
3.2727589214179 3.3924214962653  2
2.6531159225313 2.6413213189783  2
2.8196999165104 3.4539747465474  2
3.2667137777436 3.3245379464688  2
2.8169926493619 3.3305005520363  2
3.178027438445 3.2088149892228  2
3.3911959331867 2.8272367830772  2
3.177487949102 2.7294827004966  2
2.9518188723123 2.7202290367574  2
3.4043368738866 3.2538847921346  2
3.0479408219912 3.2722962143544  2
3.4232469252308 3.094397979587  2
2.7825574023009 3.2337197898407  2
2.9807287322449 3.4973970418534  2
3.3039781119601 3.3372230271801  2
2.8854011653553 3.346360276114  2
2.7684504898478 3.1550931183659  2
3.2457594304536 3.2493154460055  2
2.8526549478202 3.0867431289093  2
3.3813626236263 2.9880582733023  2
2.9832393439087 2.835389988964  2
2.6438563552394 2.7919120731394  2
2.91058086095 3.1194100903737  2
3.0214131623185 3.2890042400091  2
3.1212318131211 3.3015575426243  2
2.965004677655 3.2823484807177  2
2.8377597148849 2.6767694713342  2
3.0293444890304 2.8810722354551  2
3.4264045978397 2.7737607726511  2
3.1793275002484 2.8541982310403  2
2.8726646179534 2.8999488440823  2
3.0007530908527 3.4870060356436  2
2.5453515113764 3.0227496045376  2
2.803688287619 3.2165636513289  2
2.7036733473577 2.6090792983147  2
3.2085283015526 2.7766829095333  2
2.712825040288 2.7592146648113  2
2.8687327348751 3.0423204625562  2
3.2752702501999 3.3292270269768  2
2.6569127648363 3.2575272507999  2
3.3925334124251 3.1494296631027  2
2.6520846311978 2.7481104991584  2
2.8092772367476 2.9660157938418  2
2.9296590314898 2.5540853677582  2
3.0196067686704 3.0982860548886  2
3.2549932911682 3.2342997811695  2
3.4888601737512 2.9145229354646  2
3.3465077706417 3.2242697533732  2
3.3368943230183 3.0091644065661  2
3.0283904525899 3.3825630542756  2
2.6417384536457 2.8261523386772  2
3.1930569341867 3.3017168853795  2
2.90023061328 2.9055634935873  2
2.7634624452292 3.1260994232366  2
3.0706331722047 2.5995628398041  2
3.0968918664834 3.4153243200317  2
3.1405505226125 3.1383886076281  2
2.8297064727199 2.7493108268112  2
3.2623722672014 3.1530168976464  2
3.1475619750717 3.398960652426  2
3.2639709089787 3.0220681183554  2
3.2449717765174 3.2028678927061  2
3.1254720037805 3.3471144095904  2
3.1001728333053 3.1494702617773  2
3.3312025996165 2.9592943028705  2
2.6386126482695 3.1408119624792  2
2.6747228919133 3.2873961349239  2
3.0000547921957 3.4022632049189  2
2.780759540743 3.3047942210884  2
2.658263444627 3.2834494725316  2
3.2510232055927 3.2849385959098  2
2.6417648512487 2.7877234059101  2
3.3012267490993 3.334089968749  2
2.9414612204625 3.1006914160385  2
3.2271193995159 3.0801575224644  2
2.8876961033819 3.3929337213596  2
2.6869639983887 3.3312391942946  2
3.4698063668362 3.1411082967335  2
3.2035151888604 2.8268708747667  2
2.9760716060609 3.0253617663886  2
2.7201689681805 2.6563899952379  2
2.9730196491251 3.4379901302939  2
2.6911183996916 2.82366207978  2
3.0822712680966 2.8980669321813  2
3.4972258863823 3.0045835135727  2
2.5664692099827 3.1122985042252  2
2.6980754429748 3.247233742925  2
3.3700107086987 2.6999446460366  2
3.1880272255168 3.3843534917706  2
2.5718692629252 3.1445750323574  2
3.3339346772552 3.1563131140049  2
3.282324334217 2.8538355006355  2
2.8249315595463 2.8685575001063  2
2.7836896247044 2.8941078362817  2
2.6607825862411 2.6735918631224  2
3.2550126679687 2.9033383286004  2
2.5966358809956 3.2643058802888  2
2.9021812208651 3.2729425915088  2
3.0574549676303 3.3282868728521  2
3.481441469709 2.982934620069  2
3.2961703576824 2.9041560383044  2
3.1662504064029 3.2002819096805  2
2.7122442313393 2.827666433937  2
3.088536919328 3.3103120973467  2
2.6978916914355 3.3419011389065  2
2.8777545924313 2.8968183732617  2
2.76784150514 2.7352524377232  2
3.0307510715937 2.8340560379696  2
2.6559037487435 2.9547300078192  2
3.2673615276733 2.9160291877317  2
2.7410658278452 2.778129156209  2
3.3104672456697 3.1112316989155  2
3.1525916446543 3.1768853367582  2
2.7689888250394 3.2287919088392  2
2.8628714429899 3.1411839628775  2
3.0654662394242 2.8115472594289  2
3.1765589210641 2.5811527815036  2
3.1843067661219 3.3590672335824  2
2.60702807974 3.1026432779441  2
3.2564807794822 2.7537106549531  2
3.1050112627457 3.093553003442  2
3.3463665551303 3.2461760541697  2
2.9718628041423 2.7608070985609  2
3.3246559294354 2.6209778561955  2
3.3882208094982 2.8084724693218  2
3.3412323759654 2.9022361109658  2
2.7617948916904 3.4090983543113  2
2.9968503341101 3.1500368502564  2
3.2628129220137 3.3228391676482  2
3.1687882753634 2.7453895115791  2
3.3425562196805 3.0328051292492  2
2.7292132713737 3.3521252600116  2
2.8008627263349 2.8001700810308  2
3.3701155227636 2.8813510932196  2
2.9098172004251 3.2116543029483  2
2.9710043596804 2.7172619801022  2
3.320703611071 3.225342662648  2
2.5650605786923 3.0957163695767  2
2.9885774022403 2.8596948460542  2
2.80564380243 3.216806634702  2
3.449373015886 3.0748041841287  2
3.0062648578669 2.5158505638516  2
2.8577144133622 3.1270644668971  2
3.1680100837513 2.9209727136348  2
2.9176952326645 3.3098652422185  2
3.3931176757327 3.2407927428902  2
3.1546172881977 3.3553891514016  2
2.9308232034688 2.5432634718602  2
2.6521121259624 2.9734803168803  2
2.8332387960918 3.1769419064095  2
3.2053425806298 3.332568371053  2
3.0958622161343 3.4058256037451  2
2.7594173514 2.9020265473666  2
2.8957020689547 3.1593840406752  2
3.3200147602949 3.0874934696089  2
3.0541513804007 2.7092372176369  2
3.1615162542223 2.8622399034982  2
3.033321841838 2.5938104596109  2
3.3572253294804 3.2002946130855  2
3.2765122521312 3.1305942722591  2
2.8412666884998 3.2611451360851  2
2.619647751004 2.7125744763017  2
2.9830627475528 2.9586222833105  2
3.0770253398322 2.930257046565  2
2.7692365603832 3.0885372495692  2
2.7212963422231 3.3858738990239  2
#DIM = 2
7.099901646151 3.3658630847437  3
6.9550965570947 2.6335260596125  3
6.7830322836747 2.5758157081905  3
6.7862646780204 3.220328040341  3
7.2236203744109 2.981838974544  3
7.0807249078523 2.9168616179989  3
7.2035903690615 2.9986619442094  3
7.0735412011976 3.1890257117631  3
7.2519146303999 3.0769001183067  3
6.8005739222781 3.1628085766409  3
6.9868868843029 3.194147524531  3
6.958473241341 3.0113405319303  3
6.6682289526411 3.1921278167114  3
6.80002050225 2.7714440889253  3
6.6325403711523 2.8181350464975  3
6.9695832567896 2.8866993907268  3
6.7013499923636 3.2160018265349  3
6.8716969960508 3.0917257037283  3
6.7376146027346 3.2417786433305  3
7.0344794645895 3.1233186572531  3
7.353367866654 3.1403936078838  3
7.2617334081329 3.3756501201067  3
7.2595094735923 2.6746231209548  3
7.087585410361 2.8169837747048  3
6.9252033024861 3.0968169920469  3
7.3396869636729 2.8764965516755  3
6.6583233398207 3.1316412653999  3
6.9429824620942 3.0589185932859  3
7.0126715477593 2.5029345868903  3
7.293813607073 2.6709631278726  3
6.8655998846334 3.406863942798  3
7.2285952900332 2.8272039135524  3
6.8923590392195 2.6475245744728  3
7.1244548509736 2.5363563651678  3
6.8312196506946 3.1499710430793  3
6.623334252499 3.174224336007  3
6.758930830427 2.8332126744328  3
6.9881827095833 2.5420095664713  3
7.1403529781366 2.8091582129006  3
6.726913697991 3.3260170421919  3
7.3648686309548 3.314658237184  3
6.8914143880071 2.5741965552047  3
6.9654425801362 2.9321421147479  3
6.8338699788793 3.289628111051  3
7.1067458420397 2.8304864373925  3
7.2611840499773 3.3513844037743  3
7.0013584068989 3.2521920011644  3
6.996395704069 2.6809418980322  3
6.683399716967 3.2743827918104  3
6.9974369561824 2.6956130503735  3
6.8024026191203 2.6590996316093  3
7.4041068557271 2.8699019142669  3
7.2194670739147 3.3876314151153  3
7.0227529229813 3.414835063118  3
7.0600181071769 3.062577145411  3
7.3529985509564 2.6585715781072  3
7.4007079134612 3.0812479688527  3
7.3562840978029 2.8389049982741  3
7.1969798513978 3.255563581696  3
6.9633173779441 3.0277166243278  3
7.1838875022858 2.7069212032124  3
7.1249785563061 2.8619563544317  3
7.2440545421556 3.0968777353053  3
7.3831709160264 3.2048880329095  3
6.8496730717447 3.3428669846995  3
7.0272322279174 2.9653766220353  3
6.6880065295361 3.0671731594614  3
7.4352981598183 3.0766249487919  3
7.0561314691175 2.9776810604503  3
6.739818574035 3.2224273096672  3
6.9930818104561 3.484053946944  3
7.3842380391819 2.6978043102544  3
7.4714843240686 3.1024852130335  3
7.2467094132495 3.3794655428915  3
7.3120021556239 3.2339056652588  3
7.2898833569446 3.0272705382827  3
6.9910721226192 3.0419990300637  3
6.5591117619419 3.2018686152216  3
7.4075874656536 3.259842639573  3
7.1021469027929 3.2748019569117  3
7.0319360301942 2.6974869379381  3
6.8224580010796 3.3042488092544  3
6.7849243303478 2.8530406127355  3
6.890164206308 2.8902144788097  3
6.7148249595236 2.9850077011526  3
6.6344187156108 3.0271648677873  3
6.7337049606135 2.9573814010065  3
6.7061529886644 3.2753237026909  3
7.0078250865367 3.2491127310845  3
6.8176476428112 3.1567633698828  3
7.115940496006 3.4834374645365  3
7.2175547412225 2.7892584076587  3
7.4494662290966 2.9277112620104  3
7.1253917097047 3.178809902135  3
7.1914460489237 2.804758595922  3
7.2935553484448 3.0959385802919  3
7.2827420457543 2.7807095165418  3
7.0425863746081 2.7236882351852  3
7.4532114069666 2.9533605022393  3
6.8673396566815 3.2003712723154  3
7.1893496258248 3.2573388251802  3
7.295364960905 2.857606497893  3
6.8288339412926 2.7323514673885  3
6.6311021314257 3.021126107345  3
7.2605512838014 2.7488967832497  3
6.9339058569794 3.3018552611322  3
7.0709051496471 2.6864893765779  3
6.7778357386952 2.6802023881016  3
7.3274138356933 3.096155963893  3
6.6204666842445 3.3054570273652  3
6.7561825869185 2.7573944685684  3
7.241200503684 2.6762624618449  3
7.2452352008393 3.2575833002437  3
7.2774931569146 2.7205880411981  3
7.1147641052759 2.8579005029209  3
7.2290677867984 3.1510495751586  3
7.4185021254698 2.7922174265125  3
6.724815203768 2.7815406803658  3
6.8027262207717 3.2445240083261  3
7.1109336820047 2.6656356650089  3
7.4329106440562 3.0928423188195  3
7.3657047293449 2.9652667704821  3
6.9510459030109 2.8311754836864  3
7.177055334253 3.0516242077419  3
7.3002473446287 3.3481225059365  3
7.1122288423878 3.119216138975  3
6.8537129478114 2.9149196234575  3
6.6134181885783 2.8734491016345  3
7.1587514644985 3.2017833663352  3
6.7872774449322 3.2068556450185  3
6.677959816589 2.7852170067236  3
7.186720418141 2.590805440998  3
6.7728544974372 3.0868620758042  3
7.0753746908395 3.1366548459363  3
6.9690177739284 2.6978139951028  3
6.9091969452832 3.0884778011624  3
7.0412095227673 2.5805126986296  3
7.0648706181446 3.0773478086643  3
7.4328167311163 3.2400757580893  3
7.0037272867989 3.4546707890229  3
6.9121096889341 2.5184100661846  3
7.3094175331057 3.3489661290827  3
6.9811209616966 2.7256316158449  3
6.8688141312343 3.4601849627255  3
6.6715295514816 2.7250320615443  3
6.8572933920413 2.7942116406056  3
6.8099055240682 3.3990199574955  3
7.2837856263757 3.2648501959324  3
6.9038215436215 2.5311758834963  3
6.8586796211057 2.6376400209621  3
6.9078416975656 3.4037333177749  3
7.0491892569068 3.0147423230764  3
7.0580726345466 3.174135816153  3
6.8200978971682 2.6924017290432  3
6.7233115804579 2.6071414163409  3
7.3190675636099 3.0977295670868  3
7.3910232718842 3.2846927766983  3
6.7919706406502 3.111887580865  3
6.7583019887333 3.1239671053193  3
7.3756419553146 2.9835959183945  3
7.2067940910332 3.2779612568196  3
7.377305374937 2.7300844583828  3
7.315381471786 3.1743503363686  3
7.4722213141933 3.1195887735695  3
6.6545955333314 3.1413508066389  3
7.0672710720442 2.9250270481521  3
6.9063782475828 2.7344817786052  3
7.0658834804007 2.9368117108524  3
6.7378876464189 3.0183122676051  3
7.239954107154 2.7495860964003  3
7.0607609104595 3.0933507455831  3
6.6357470450398 2.6676213541457  3
6.7470459611221 3.1997474810069  3
7.1194654376274 2.9795335030055  3
6.9139773607574 2.9158260377603  3
6.6929250152873 3.0238064732019  3
6.7422494005151 2.6394792892205  3
6.9564853821913 2.7078902873957  3
7.2396823283903 2.911359374425  3
6.6145635824761 2.7400392857226  3
7.0656883419608 3.432277259272  3
7.1087830710218 2.9270436423079  3
6.5859600240948 2.9444000690767  3
7.2869940863325 3.4061738789931  3
6.6309317502381 2.8657271892824  3
6.9583860844973 3.364872308062  3
6.7804221733253 3.0295898471861  3
6.6715543045077 3.2087526975406  3
7.1378158030667 2.5900495943751  3
7.1234489629952 3.2870400895861  3
6.9782135423493 3.2605183630768  3
6.6609305727752 2.9154082519105  3
6.884996169459 2.71791867204  3
7.335165712678 3.3526845792349  3
7.3751946113598 2.7484557401732  3
6.6617963747288 2.7830911654953  3
6.8880244848033 3.2283665707083  3
7.0366498098562 3.0147280888244  3
6.7197360412909 3.1220471425488  3
6.8351886519722 2.5601475973368  3
#DIM = 2
5.4843937157311 6.9193759216629  4
4.5382350610191 6.9994372675278  4
5.0505089962131 7.3314775809775  4
5.1739347106298 7.3407545486218  4
5.3203001471441 7.3204055737733  4
4.6467571336036 6.8772949443593  4
5.255340397981 6.7881201384459  4
5.0174630706031 6.9190990558784  4
5.0989981132936 6.5626235699228  4
5.0237377153808 7.3422580843332  4
5.164308964868 6.5612694663059  4
4.958831563666 7.4083377494984  4
5.2818686111831 6.6566268458272  4
5.0801432601469 6.6419455174131  4
5.4653821801811 6.9466416054358  4
5.0003986481977 7.0004883836765  4
4.6925721552408 7.1681189306373  4
5.3776762312239 7.311964280735  4
5.1388871142038 6.6468299696154  4
5.4674370928373 6.8786266813476  4
5.3535582778988 7.3126181462852  4
5.0538944078038 7.0926471760599  4
4.8757777117167 6.6829756866181  4
5.2414527991886 6.5655357631537  4
5.1574552221834 6.6137586402039  4
5.441659633427 7.038218406893  4
4.8348157813712 6.9949077241379  4
4.8741160597453 6.6928407569516  4
4.7308291172036 6.609341862415  4
4.8669237018246 7.0210249053537  4
4.716034028836 6.7886871897519  4
5.4283249349396 6.7810174828315  4
4.7529872076348 7.0247470901662  4
4.9536713365328 7.4468553969851  4
4.8693633032408 6.6786697256968  4
4.9074230905429 6.8325569730362  4
4.876610335187 7.3050862156295  4
4.7369460109087 6.8359369254856  4
4.748649303927 7.0418593121796  4
5.0049389061111 6.845690846788  4
5.2751281382892 7.1009485223202  4
5.3031022795679 6.6398502844175  4
5.3967118922854 7.2589914276818  4
5.1072268073829 6.9065677069651  4
4.7247270961303 7.295521988417  4
5.0995937782183 6.7512148991739  4
5.1549906409386 6.9723094760934  4
5.3183937265134 7.277504186093  4
5.1081262773565 6.8133135704505  4
4.8580701455173 6.8634306502691  4
4.7466755194082 6.6075045015203  4
5.227416556716 6.8997579527056  4
4.9316825706351 7.0560442873037  4
5.0207609972064 7.4252153086824  4
5.2913770371317 7.0082767609417  4
5.2818719281949 7.246151642902  4
5.3371461379181 7.3192197122145  4
4.9915134629686 6.5987883447302  4
5.3934200229688 7.004921697447  4
4.6411155804965 7.0229063865155  4
4.8159543589627 6.5591777626759  4
5.1689548047608 6.8104779222782  4
4.685735592474 6.8453087866941  4
5.3394211515286 7.012346539736  4
4.9821327159398 6.5908530057286  4
5.0232634825389 6.9519878084889  4
4.6481801761902 7.1045377386838  4
4.6930477199867 7.1788777261897  4
5.161728800911 7.3637056317623  4
4.8497882226265 6.9749106843634  4
5.312193639734 6.9065392650267  4
4.728416105596 7.3177406413456  4
5.3821777702096 7.1357447004015  4
5.2362776667948 6.6596360783327  4
5.2873532259772 7.3895836160357  4
4.9911037028401 6.7295101194325  4
4.7251849779776 6.6787409498475  4
4.6702751394204 6.9929538913074  4
4.5700554989757 6.8444882276035  4
4.5487618835338 7.0742691726083  4
4.9590785039632 7.4186009669198  4
5.1121598016283 7.3315841011922  4
5.2233550210597 6.9236361165687  4
4.8145704764533 7.1651118620167  4
4.9458046647499 7.2721218928625  4
5.0230368212128 7.4764175636006  4
5.3761338785357 6.8756371728288  4
5.069261707884 6.9573206321544  4
4.8487234621011 7.2267565452174  4
5.3365978351283 6.6621508397958  4
5.3001276319514 7.1546799724603  4
5.2797474194542 6.6885696921122  4
4.6853016460764 6.6264663955742  4
5.2460034482365 6.9817458694567  4
4.6787541958063 6.676873612063  4
4.9189851415128 7.3685335466967  4
5.3384397324139 6.9098990291822  4
4.5660236354859 6.9526322005839  4
5.1212528679349 6.8542125780004  4
4.794121835473 7.1605244200626  4
4.7437518425499 7.3368252402319  4
5.2838846492984 7.3582183309719  4
4.6639341554276 6.9608654053885  4
5.3928299035716 7.2924046582603  4
5.1540080008142 7.1215434068503  4
5.1205308101414 7.3400127380648  4
4.9047973172011 7.2198153543279  4
5.1956573019644 6.89744230149  4
5.0679245020938 6.6293265123255  4
4.9241258366061 6.8985627852733  4
5.3639238845312 7.1463732630718  4
4.8823883601848 6.6875880694613  4
5.2779546912599 6.6186701325565  4
4.5940768631622 7.047484360448  4
5.2390492759371 6.9938359557536  4
4.5773430559608 7.1453371602407  4
4.6656355304866 6.7849041438538  4
5.2300850264973 7.0214699610679  4
5.4500353351332 6.9221364754745  4
4.9750177114054 7.0017769332902  4
5.0246366026979 6.7670197945197  4
4.5017275851061 7.0113995512665  4
4.9224102462004 7.0941521556016  4
5.1229278520047 7.2023256942162  4
4.6974915543217 6.8598749208151  4
5.0505259436737 7.0652270141095  4
4.8800988955217 7.421972893188  4
4.9167669657587 7.086782130022  4
5.2038692567502 7.3705813227058  4
5.3069114898077 7.388955979858  4
5.0637104880584 6.9797067494614  4
5.4011649141638 6.7018896689723  4
4.7068658633071 6.9268385275168  4
5.2094921157635 7.2250253498342  4
4.6771387641408 7.1160517028617  4
4.7497289290646 6.6597764833081  4
4.621039530023 7.1670465809584  4
4.6487314002428 7.2675794718231  4
4.8497351232075 7.0163847238548  4
4.858404517311 7.1757191350786  4
4.8738917252505 6.5762551331261  4
4.63801499784 6.9621336206202  4
5.1220436875048 7.3902508030979  4
5.0507334894983 7.3799349440221  4
5.2651407942502 6.7770396349621  4
4.9436551146539 6.7253188927827  4
4.6051934750487 6.6959513333285  4
4.9018425757998 6.7502584979406  4
5.4687481206785 7.1005459615666  4
5.2945471782962 6.6512252533861  4
5.1515545469549 6.696085363203  4
5.3084724384589 6.9131651608534  4
5.1002321082485 7.4140352007359  4
5.2241313300328 6.5910684778247  4
5.294280448826 7.3935579620885  4
5.1192757288048 6.8726086292335  4
5.0888620819079 6.7866920498489  4
4.7295164452494 6.635759189922  4
4.7231398077947 7.2168863762311  4
5.0097118151796 6.7806487236592  4
5.4250182927586 6.8552500558968  4
5.3384581503117 6.7733011190278  4
5.3354715464219 6.8651299171362  4
4.9467877915032 6.9414456110414  4
4.9446696100258 6.944469152505  4
4.8062630824921 7.0299276539551  4
4.852205742932 7.0943553641616  4
4.6114273428785 7.2175423903112  4
5.0510427790321 7.1677451837232  4
5.2973744188834 7.1748893420603  4
4.913151092528 6.7769704468449  4
4.8477485552338 6.7631352086158  4
4.8322686680006 6.8013867097546  4
5.1580704778756 6.6782138201568  4
5.3728526436022 7.1514161995883  4
5.3682936652951 7.2597025888637  4
4.9481209701889 6.9816424686574  4
4.6140563052868 7.2867000964893  4
4.7933084866794 7.0020078095515  4
5.2573814715119 6.8305184023578  4
4.7208980756875 6.6189562145948  4
5.4571361171894 6.9540759249567  4
5.4221852740651 6.8581414434647  4
4.9602068999686 7.1520058524497  4
4.8253244835167 6.7168506832798  4
4.9350881563632 7.2989938425838  4
5.358292803888 6.6766668899078  4
4.6209727337468 7.0671674620829  4
5.0681459094685 6.5142554178558  4
4.8289360317025 6.8268756627044  4
5.0747121228599 6.9209540759952  4
4.7975848765321 7.2629168733528  4
4.8226653318137 6.8360105522746  4
5.0272534695703 6.5431630922405  4
4.6157778809524 6.8239537172038  4
4.9628896585598 6.8656864105084  4
4.8636693749453 6.6655398987953  4
4.8630695290795 7.1882761107996  4
4.8075402330507 7.0502012222494  4
4.981437958877 7.086565453581  4
#DIM = 2
6.33598 2.190055 1
9.277975 7.214315 1
1.295905 1.835825 1
7.718415 8.885825 1
8.839255 8.178165 1
2.404315 8.264335 1
7.78771 3.122025 1
8.200155 4.868075 1
9.145205 1.738915 1
2.502025 5.956595 1
8.13505 3.133035 1
4.471215 6.53823 1
0.142435 2.74467 1
5.77856 8.265815 1
5.55553 9.56464 1
9.06742 5.39984 1
3.628145 3.73857 1
7.282885 8.140315 1
6.997895 6.574045 1
4.24542 1.62124 1
7.624745 6.088235 1
7.03355 1.75159 1
6.61078 5.320825 1
9.51046 8.324895 1
5.02521 7.10938 1
5.534 8.434115 1
2.3233 1.20947 1
8.313845 6.104195 1
0.58308 9.03058 1
1.789015 2.48633 1
3.49673 9.24721 1
6.14532 8.569465 1
7.781065 6.06301 1
6.555615 6.256775 1
6.74053 1.238535 1
5.698335 5.17589 1
8.282355 2.94871 1
0.2689 2.06744 1
6.976495 6.37337 1
0.551925 6.225815 1
8.81597 2.24746 1
3.53036 7.643975 1
5.06607 2.95023 1
0.30073 2.568505 1
9.27702 1.553165 1
7.45461 2.196385 1
1.25894 3.587735 1
0.613305 5.445415 1
4.348565 6.56038 1
9.42901 5.99787 1
5.02842 2.781 1
7.7455 9.89027 1
5.704605 9.919605 1
5.467825 0.674235 1
2.13321 4.46102 1
8.568145 5.77026 1
0.10214 7.42059 1
5.982425 4.35057 1
8.47138 9.14754 1
5.1094 5.633985 1
9.168135 8.16645 1
5.432555 9.707505 1
7.403575 2.092545 1
6.66456 9.32633 1
2.546865 5.473995 1
9.386775 0.7801 1
2.807635 3.95032 1
4.317895 6.79425 1
0.69428 8.684345 1
9.255885 8.88713 1
1.88293 4.486155 1
6.84771 7.01653 1
1.559105 7.103225 1
1.347045 6.56146 1
9.976285 0.99318 1
9.28706 0.014865 1
0.7325 2.433305 1
0.40976 2.258295 1
9.928545 2.18467 1
4.271615 6.12085 1
9.466715 5.152765 1
2.60111 1.60254 1
0.801845 4.51692 1
9.04648 9.194075 1
9.610215 0.44923 1
2.097115 2.21638 1
0.29317 4.479785 1
2.75968 8.30803 1
5.82657 1.551095 1
7.736485 1.3344 1
5.243065 6.755945 1
1.81062 1.18914 1
3.812915 9.90829 1
7.716185 0.460685 1
8.193005 9.405645 1
0.70192 7.33704 1
1.32472 5.711685 1
3.156275 6.26955 1
0.52776 4.50172 1
8.541735 1.78717 1
0.937665 8.99313 1
5.78884 9.156295 1
0.384295 9.4074 1
3.160605 7.738265 1
5.55292 8.019845 1
1.195365 8.15036 1
7.81297 4.018155 1
3.53216 5.458035 1
2.139265 3.607885 1
5.59149 1.34813 1
9.978885 8.87063 1
7.66414 5.03469 1
6.69397 0.514295 1
9.679445 3.25256 1
3.81204 6.542745 1
3.97537 1.30406 1
1.450185 3.62491 1
3.67194 1.975565 1
5.871615 6.708985 1
1.72518 3.877965 1
1.72952 8.52479 1
4.96468 5.615045 1
3.75419 8.395455 1
7.522015 3.513775 1
3.319805 1.304575 1
6.183775 0.875865 1
6.38713 5.63691 1
3.09185 3.10517 1
4.91736 6.15104 1
6.84746 1.640135 1
7.231 9.48549 1
1.180725 1.217825 1
4.250725 6.04864 1
7.704705 3.41091 1
0.589225 0.55542 1
2.18746 7.785145 1
7.88718 8.15396 1
0.799465 2.727285 1
4.234045 7.202275 1
8.0679 5.04302 1
3.17693 0.40818 1
7.4734 6.85494 1
8.37336 1.0632 1
4.559905 2.03411 1
7.665215 3.614465 1
7.486715 8.19975 1
8.01013 4.26287 1
5.162925 2.96322 1
2.59266 1.02069 1
8.34178 9.905515 1
1.884895 5.783085 1
4.305395 4.263155 1
0.936245 0.124125 1
4.554085 6.53983 1
4.640105 0.02599 1
5.425195 1.46348 1
8.899805 8.98845 1
4.342605 2.72 1
7.793065 7.636685 1
9.77675 3.121525 1
5.327395 7.61022 1
3.073305 6.28696 1
3.571855 7.51317 1
3.421175 6.03244 1
0.14667 3.616725 1
4.47221 5.40198 1
6.78894 5.383265 1
3.078195 5.46831 1
4.10134 8.65876 1
5.28845 3.852385 1
6.21027 5.90161 1
8.75815 8.679705 1
0.34528 2.65941 1
0.98268 7.477975 1
5.35923 2.56215 1
4.4077 4.85002 1
8.72111 1.767615 1
9.970765 5.364395 1
6.92645 3.76425 1
0.675265 3.953265 1
7.78502 4.93262 1
8.2958 0.740785 1
8.34089 7.46263 1
2.90725 8.1299 1
9.23285 5.69005 1
1.35089 9.320305 1
1.394755 5.26208 1
7.97051 6.38526 1
7.84691 3.62721 1
9.44087 2.589615 1
2.280815 5.95957 1
7.281515 5.40614 1
8.565825 3.268665 1
4.732925 6.099485 1
5.46432 7.686315 1
8.812205 6.62701 1
3.80189 5.82131 1
0.244175 3.65745 1
1.95589 3.04674 1
3.800105 4.98313 1
9.094225 7.08108 1
1.702265 6.34944 1
6.49827 3.285255 1
8.384115 9.35329 1
5.99506 2.249695 1
7.0294 3.448465 1
2.723715 3.514845 1
9.58429 5.139515 1
0.117835 0.92069 1
8.830435 0.40014 1
0.926105 6.064745 1
7.199425 1.323965 1
6.31589 0.125175 1
5.69538 6.82167 1
5.206955 2.94887 1
7.37107 4.739 1
7.801995 8.291795 1
8.07984 1.3356 1
3.23978 4.248585 1
0.0087350000000006 4.525155 1
9.952455 4.546515 1
1.470515 3.543275 1
4.27963 4.09529 1
2.85074 9.336185 1
3.455205 2.39448 1
2.881775 9.156805 1
0.213995 3.794755 1
2.909435 8.757855 1
6.08194 0.241805 1
3.39171 6.83918 1
7.501995 4.03219 1
2.50238 9.893415 1
6.447 5.2382 1
9.93143 2.713105 1
8.05602 7.230065 1
4.71612 7.16992 1
1.658335 7.328605 1
5.587465 8.838615 1
7.986765 5.181185 1
9.758045 1.73785 1
1.700985 3.013135 1
8.48251 7.571945 1
5.46042 0.76149 1
2.33594 6.819015 1
3.538435 8.200005 1
8.87351 4.01593 1
5.499505 9.917425 1
0.86875 9.587975 1
6.5258 9.87616 1
6.925945 5.73118 1
1.47807 4.41792 1
0.918465 2.63803 1
2.24801 4.16095 1
5.461775 0.393075 1
8.455685 6.7661 1
2.19968 9.857365 1
0.07591 6.48301 1
2.89393 7.25369 1
3.83562 6.502195 1
5.086155 8.37782 1
9.5772 7.5578 1
8.30369 7.31438 1
9.50729 9.013675 1
5.4215 5.25657 1
8.395045 6.762865 1
6.091225 0.097955 1
8.777405 6.798845 1
3.671665 5.117865 1
9.006485 8.45597 1
8.073245 3.686005 1
0.055680000000001 3.235455 1
3.367975 9.470855 1
3.235955 5.61767 1
8.28542 4.068325 1
4.941365 5.752455 1
6.390955 6.55134 1
1.208595 6.414845 1
3.26396 0.737715 1
1.992745 1.607555 1
5.674425 8.24824 1
2.123245 4.348805 1
3.5264 0.878625 1
4.606635 3.382085 1
7.91288 8.28475 1
3.81051 9.700355 1
5.131335 7.426755 1
8.351155 0.46344 1
5.453825 7.867005 1
2.60624 2.68048 1
8.575955 3.77829 1
6.00924 0.67051 1
2.266195 5.01359 1
7.583685 2.819865 1
8.06522 8.246205 1
6.11553 7.34762 1
5.190715 7.52157 1
0.0086199999999996 0.926255 1
1.109965 0.16638 1
1.477585 2.1307 1
3.840985 0.41894 1
2.16421 6.05454 1
6.66406 8.015505 1
0.35456 7.007685 1
7.969245 9.923875 1
4.808895 7.34688 1
2.387075 3.001535 1
9.832995 8.850325 1
0.935965 1.94218 1
8.01181 6.99122 1
1.757735 7.88047 1
8.25346 9.55194 1
0.702515 2.518525 1
1.822345 5.27606 1
1.389695 6.70281 1
2.57713 3.07049 1
0.196225 8.881465 1
4.782885 5.474785 1
2.330015 6.448145 1
8.81696 2.254335 1
8.158145 5.245505 1
6.35462 0.90158 1
4.52463 5.31846 1
7.47802 3.981915 1
1.00352 0.574995 1
0.705115 6.848385 1
0.03402 6.90112 1
2.79425 5.17736 1
1.70257 0.256395 1
9.79195 7.052765 1
1.77113 5.743125 1
6.52504 5.378395 1
3.81534 9.160945 1
0.217965 4.28208 1
8.41674 6.69546 1
8.299735 3.61228 1
6.20492 9.105955 1
0.810755 3.06984 1
7.64716 1.181735 1
6.461555 9.573515 1
7.579145 0.22667 1
1.99554 2.76149 1
0.623405 6.624475 1
0.84049 4.720875 1
9.72693 7.294865 1
4.964295 3.82169 1
6.465815 2.57675 1
9.42901 8.667765 1
0.69955 6.1091 1
9.811635 8.824805 1
9.84406 3.830865 1
0.812245 4.89516 1
8.02635 2.85847 1
0.619465 7.390535 1
9.989785 1.360155 1
7.91423 5.39208 1
4.15327 7.28264 1
6.938315 9.19036 1
5.663245 4.483515 1
0.970795 4.07166 1
8.508745 3.193875 1
6.998795 5.55257 1
0.109305 0.557815 1
2.125205 9.488985 1
5.39385 5.40103 1
8.335325 9.040795 1
1.313425 6.460415 1
7.467165 0.266825 1
5.399965 1.151915 1
7.468055 6.24967 1
1.16723 8.131585 1
0.46181 1.100675 1
1.50238 4.728605 1
1.588985 8.57972 1
3.706005 5.58305 1
2.62478 4.820745 1
4.198725 3.75992 1
2.95176 8.11645 1
1.113105 7.23437 1
2.35214 4.47878 1
3.74452 1.814035 1
5.35347 3.55544 1
2.080335 2.754065 1
0.843445 9.051485 1
4.221185 6.806595 1
1.615495 9.345305 1
7.82059 1.65145 1
9.828505 5.758075 1
6.408665 4.808715 1
5.68565 0.81424 1
6.27466 9.32757 1
1.476245 9.66448 1
1.01017 8.548045 1
6.45557 3.400695 1
6.21361 2.053645 1
2.681245 5.586295 1
4.06506 1.28184 1
4.61949 8.84166 1
6.347545 7.054715 1
4.985335 3.993795 1
6.835935 5.888355 1
2.49123 0.482225 1
4.73608 9.575705 1
1.788795 7.57909 1
2.129355 0.228485 1
2.53254 7.23314 1
8.39612 9.480165 1
5.14974 0.605315 1
5.763045 4.28961 1
4.163975 7.353565 1
1.790635 5.72217 1
4.52171 1.587345 1
1.756565 5.35113 1
8.577415 0.730175 1
0.516925 0.768155 1
9.522325 2.809545 1
8.12459 0.1665 1
3.165045 9.39288 1
7.082975 8.11645 1
4.92761 5.82144 1
4.864885 5.48087 1
9.09184 9.364155 1
4.222025 8.483035 1
6.87403 6.713995 1
8.71333 8.708055 1
0.948265 7.953745 1
6.136245 9.077525 1
4.80975 2.282145 1
7.011465 3.351505 1
4.10123 0.75463 1
4.07987 4.554615 1
4.988415 2.25668 1
1.525905 0.961135 1
8.830505 0.068 1
5.459795 5.48629 1
5.832915 3.36521 1
8.372785 4.86126 1
6.296815 2.37503 1
2.393745 1.885315 1
4.135735 9.56832 1
7.934905 5.01575 1
8.764605 5.31771 1
1.24741 0.7405 1
0.443705 3.345565 1
2.797585 7.099005 1
5.589575 1.40574 1
6.55844 9.4937 1
5.143365 3.018465 1
0.952935 5.170465 1
5.283735 0.15332 1
0.654425 0.38666 1
7.28477 4.267355 1
4.90429 3.32922 1
8.082825 6.938095 1
3.648715 2.813345 1
0.987475 9.7638 1
9.456235 3.145575 1
7.27609 0.52619 1
7.707095 6.53224 1
2.39632 8.12383 1
5.1917 0.60314 1
0.666425 3.43972 1
4.42932 3.491865 1
6.35418 9.155885 1
4.916295 9.421385 1
2.9844 2.78808 1
9.623695 6.535685 1
8.68054 3.846025 1
5.62676 5.181725 1
3.243035 3.296235 1
2.79122 2.715465 1
3.305175 9.895895 1
1.25783 5.509735 1
9.672405 1.06273 1
0.16342 0.02599 1
2.526605 7.52643 1
9.52998 2.18238 1
1.05037 1.503315 1
2.03308 1.28548 1
9.895365 3.406835 1
8.229295 3.18064 1
0.42472 3.87925 1
2.00855 1.13207 1
0.095845 3.27311 1
9.51785 4.96599 1
9.97913 3.438005 1
7.06713 1.81063 1
0.175395 4.28499 1
6.37032 3.537065 1
0.06987 6.608485 1
3.52799 3.0059 1
4.298805 2.87673 1
9.07795 5.51486 1
9.930685 4.707655 1
4.68564 0.1079 1
4.381275 4.276465 1
7.025885 0.89894 1
8.069805 6.92358 1
0.4697 4.20587 1
2.55804 1.00837 1
4.522835 3.12231 1
0.2448 3.82318 1
9.33192 0.95489 1
6.03139 3.338905 1
7.397145 1.83032 1
4.41282 6.12165 1
6.7672 8.22502 1
7.61838 9.025235 1
7.960445 9.35469 1
8.500315 5.71168 1
5.880885 0.373345 1
2.327475 2.95562 1
3.15672 4.86097 1
1.14479 2.477885 1
3.066115 0.467525 1
9.309515 3.25783 1
8.70813 9.9626 1
6.682395 1.80057 1
1.44118 8.791955 1
4.440075 6.25988 1
9.061495 9.551955 1
1.147085 1.268435 1
7.412935 2.484605 1
1.93581 7.01976 1
8.7368 3.28438 1
6.667905 0.52546 1
9.76218 4.796655 1
2.157575 0.47731 1
4.616825 0.720915 1
1.267465 4.322585 1
0.35381 0.05162 1
1.673845 8.487645 1
4.604555 4.26804 1
2.30339 0.15178 1
5.978745 3.3519 1
8.116165 0.55556 1
4.81512 9.1904 1
4.80744 5.604295 1
7.941005 4.73313 1
0.39834 0.31783 1
2.77598 1.104885 1
0.83 7.810845 1
5.020995 1.357115 1
8.199195 9.07311 1
5.54371 3.65647 1
7.14998 7.609255 1
7.669735 5.65757 1
5.06041 6.273705 1
5.029405 9.02413 1
1.893905 8.254055 1
6.116095 9.808395 1
1.224615 1.798045 1
2.7215 3.80242 1
4.43651 8.317235 1
0.274315 9.390505 1
6.99386 9.75977 1
6.58336 6.63462 1
2.2756 9.873695 1
3.274615 6.478675 1
1.793325 2.546915 1
4.43856 0.31828 1
2.576825 6.45554 1
2.563615 5.42612 1
6.698455 3.71721 1
8.20325 5.565935 1
3.375105 2.50377 1
2.011665 3.123405 1
2.637035 3.274055 1
3.836885 6.23797 1
5.26774 7.978115 1
8.7596 9.60605 1
5.277235 2.64348 1
7.478515 1.63238 1
0.10246 1.20635 1
3.46537 6.327155 1
4.375695 0.01247 1
9.09854 5.380515 1
4.711005 3.73964 1
1.279265 9.368575 1
9.48667 2.721735 1
8.309295 9.204655 1
7.460575 3.934605 1
6.895705 7.31447 1
9.047635 1.74169 1
6.18447 8.09385 1
6.96457 6.55623 1
3.52512 3.00225 1
4.51863 0.595755 1
7.134 8.56817 1
7.500405 5.46534 1
1.20988 1.90094 1
1.62032 1.26947 1
0.46788 6.073445 1
0.385125 8.87714 1
1.771185 7.15658 1
2.061315 1.11557 1
9.198465 6.34137 1
6.37854 3.794315 1
1.86273 6.220935 1
8.71499 6.803905 1
8.58153 3.987565 1
4.34714 1.022325 1
7.984635 1.84489 1
1.10666 7.333325 1
2.95677 5.52347 1
1.76062 1.01892 1
4.15237 7.21871 1
6.824855 0.80183 1
5.41211 5.081545 1
2.91638 0.352855 1
9.928705 4.13302 1
6.346395 4.43458 1
0.13458 4.37506 1
0.95034 1.72314 1
0.472535 3.48352 1
6.047795 6.70294 1
9.49436 4.925095 1
7.42225 9.521035 1
0.473635 6.331585 1
7.27002 9.384895 1
8.19968 6.95376 1
0.371785 7.07067 1
3.500155 9.740585 1
4.00894 5.663385 1
8.8391 2.39817 1
3.40128 5.758475 1
5.94807 8.513905 1
9.0214 7.335965 1
0.917455 1.689205 1
8.297575 1.429645 1
4.354395 4.42887 1
4.95014 8.57616 1
6.224935 4.581575 1
5.677675 3.470955 1
9.30412 3.727075 1
3.179645 9.14608 1
5.203875 9.621945 1
9.470965 3.74922 1
9.701975 4.1844 1
4.74495 6.85941 1
1.769475 5.9671 1
5.827615 1.23986 1
8.27858 1.595665 1
3.526635 6.56822 1
3.00031 3.93465 1
2.664445 3.54409 1
8.99755 4.98967 1
8.07042 9.40274 1
0.574275 1.18295 1
9.105755 0.404045 1
6.560585 3.180005 1
0.479735 0.134735 1
2.523055 6.826265 1
0.83599 9.19215 1
2.27371 5.02148 1
2.062875 9.703755 1
3.711535 1.48112 1
4.844865 9.47582 1
0.114735 7.85684 1
9.95876 8.190725 1
8.61807 8.57636 1
0.4785 5.451045 1
3.624675 4.635245 1
6.82208 5.173025 1
9.23464 1.88732 1
6.403105 5.66649 1
7.72284 2.90759 1
1.359535 0.156045 1
2.470865 4.139975 1
0.97123 9.76166 1
1.91982 6.921445 1
4.01078 6.571965 1
2.81145 2.005875 1
1.5355 1.51506 1
5.91229 5.705305 1
6.05471 5.57858 1
7.85327 7.40028 1
9.670665 6.03974 1
3.12773 8.990335 1
2.43304 6.83678 1
9.912485 8.19718 1
7.357345 4.88417 1
1.43496 3.654565 1
1.699025 6.960795 1
1.815085 3.99789 1
5.17403 8.780865 1
8.744055 6.052815 1
7.27912 9.611515 1
6.04413 4.958545 1
4.911565 2.90264 1
3.22646 4.828325 1
2.129645 2.277155 1
7.12942 4.239255 1
9.656565 5.68915 1
7.84884 8.70259 1
5.08718 6.915095 1
7.38352 1.1502 1
3.570235 8.68846 1
6.971315 0.42069 1
8.47324 3.161975 1
5.675765 4.8395 1
0.92691 3.84241 1
7.466815 5.27989 1
0.79167 4.703735 1
1.414855 0.83659 1
0.87158 5.25371 1
2.289045 9.37052 1
7.95524 5.594535 1
8.04915 0.024345 1
7.0632 7.160625 1
1.029475 7.58007 1
0.095644999999999 8.326915 1
3.30246 3.554 1
3.73924 1.886875 1
3.417585 4.858135 1
5.629505 1.278905 1
9.577145 7.270735 1
7.95946 0.889865 1
6.002655 7.84535 1
0.065515 5.85521 1
9.770935 5.810075 1
9.22635 2.269295 1
4.30633 6.070475 1
0.544345 1.10164 1
9.37425 7.946515 1
3.22421 0.1674 1
0.302995 6.27337 1
7.8886 6.240245 1
2.225705 8.75151 1
2.71498 0.04277 1
6.910015 1.227125 1
9.26691 2.030745 1
2.849345 0.22944 1
0.060895 8.65895 1
8.775435 4.776955 1
8.857 9.448225 1
2.193205 1.840935 1
1.76426 8.730485 1
4.286215 8.641285 1
6.41135 1.60177 1
7.548445 5.637785 1
2.50115 7.82864 1
7.90053 5.60312 1
2.823345 5.395425 1
9.01094 5.308215 1
9.24449 2.27023 1
0.46306 1.0671 1
1.11309 6.549625 1
3.30839 0.748035 1
7.889645 3.61992 1
0.05369 7.445345 1
1.674595 5.39328 1
3.191965 5.805415 1
3.884095 1.54672 1
3.541165 3.456095 1
7.106735 5.695765 1
7.94878 3.63537 1
1.22804 8.07129 1
9.86575 3.668 1
7.865455 1.522945 1
1.524975 7.103845 1
2.90671 2.019705 1
8.69776 1.867405 1
2.165575 0.50514 1
2.63414 0.662925 1
3.21142 0.333315 1
4.58326 7.36415 1
4.097805 7.83891 1
1.020285 4.55949 1
5.674575 6.140755 1
1.617055 9.50789 1
4.788655 8.4421 1
4.435215 5.351355 1
5.873105 6.99578 1
4.94861 2.094625 1
0.965195 6.914695 1
8.64889 3.66932 1
2.05963 2.82429 1
7.1693 5.755575 1
2.570615 9.556595 1
6.47428 0.02899 1
9.713475 3.88158 1
3.450015 3.08963 1
5.03849 0.085955 1
3.022445 6.90359 1
4.16709 7.14845 1
4.64189 5.673225 1
3.4641 8.51092 1
3.050365 2.27485 1
7.83325 2.674685 1
9.10673 7.2123 1
8.55671 6.788855 1
8.239415 4.15124 1
3.207405 8.240225 1
5.947225 7.34298 1
3.015915 3.65518 1
4.60381 1.14832 1
7.8297 8.880235 1
8.913665 7.968465 1
5.95869 9.8619 1
3.41832 3.04906 1
8.11814 4.55862 1
9.59389 2.88843 1
6.505345 9.724845 1
0.50477 8.649745 1
9.513705 3.806155 1
4.09754 2.80374 1
6.8641 1.8546 1
3.11109 9.88723 1
4.619415 9.316195 1
0.96296 3.47279 1
8.13151 0.753855 1
1.27721 0.608855 1
5.13145 0.14264 1
6.53735 3.869895 1
1.50248 5.221285 1
8.252335 4.29119 1
1.967915 9.81605 1
8.172275 9.6061 1
1.15763 5.37632 1
7.857695 5.8002 1
4.602325 2.447415 1
0.53881 7.987585 1
3.722825 6.218865 1
2.30011 6.10083 1
5.737885 5.648095 1
2.641335 9.00112 1
0.17841 1.45712 1
0.443875 2.007215 1
8.710215 1.754235 1
7.72954 5.659055 1
2.744395 4.22848 1
3.084395 8.71995 1
3.9994 6.92983 1
6.113735 7.39469 1
3.850985 4.765595 1
4.54894 2.803345 1
1.976225 7.393605 1
1.70626 2.998655 1
0.264705 0.80453 1
3.5173 2.66513 1
7.400075 0.96302 1
3.753295 8.850835 1
5.39225 4.57292 1
6.94811 8.665545 1
1.17485 5.156475 1
1.68144 4.432975 1
2.326615 3.446755 1
4.073445 3.206085 1
6.085155 0.085995 1
4.324845 9.51762 1
3.32419 7.600775 1
9.489175 4.635215 1
7.62121 9.552185 1
1.840935 8.177135 1
1.19813 6.515965 1
8.654295 7.616935 1
7.44086 9.37278 1
2.73647 6.50535 1
7.525335 7.271585 1
0.590355 2.235335 1
7.493125 6.91358 1
3.406945 9.20494 1
3.69753 1.187795 1
1.47194 6.53519 1
7.7476 7.84044 1
3.668665 0.10391 1
6.13549 9.5387 1
5.470515 6.552135 1
7.33575 5.980425 1
4.3367 5.18624 1
6.06521 3.04549 1
4.52893 9.055755 1
7.08135 6.81138 1
0.24881 8.426125 1
5.107765 9.20575 1
8.484755 4.562105 1
6.978755 9.70039 1
2.19226 7.60327 1
7.89919 2.77644 1
2.88843 5.31082 1
9.661745 6.495685 1
4.29128 8.43635 1
0.78273 8.521995 1
2.097345 0.30499 1
9.879475 9.11935 1
2.399115 6.38928 1
2.560945 6.22127 1
6.791685 6.231655 1
6.352555 3.094425 1
3.683155 0.30587 1
6.24318 9.448745 1
9.748725 0.878125 1
7.26859 6.9966 1
5.909185 3.09447 1
7.2092 1.068235 1
7.38405 2.772205 1
0.041315 3.71456 1
9.644415 9.252875 1
1.36718 4.313095 1
4.889865 3.218015 1
9.82181 3.16951 1
9.19731 9.361325 1
1.4562 8.536415 1
5.570835 4.000395 1
6.7283 9.073775 1
2.269845 8.94062 1
7.15392 2.88123 1
2.04294 3.06263 1
6.0563 3.77696 1
0.656885 7.625725 1
5.002645 8.857915 1
3.58067 2.35443 1
1.177915 0.406715 1
9.212045 3.688815 1
6.577615 4.878535 1
8.724725 2.7908 1
7.40538 1.48942 1
9.88612 4.924195 1
2.383955 8.077675 1
2.5397 7.49222 1
7.247215 9.45544 1
1.942485 4.79264 1
8.023745 0.53627 1
3.535315 5.08291 1
6.541445 5.183405 1
1.36548 6.89743 1
8.83005 5.85171 1
5.60798 6.92094 1
9.383885 7.208845 1
6.70702 0.54398 1
5.57731 1.204375 1
6.320155 5.55628 1
5.014585 9.58119 1
0.6681 3.117245 1
4.688565 7.078235 1
9.675385 5.350095 1
1.44219 2.643955 1
6.95216 4.6301 1
2.927 8.52614 1
0.187765 7.47272 1
3.30899 6.10162 1
7.601975 4.97787 1
0.78621 5.78494 1
3.343485 6.2124 1
6.661445 0.289335 1
9.81609 7.555015 1
3.27692 1.35957 1
8.863345 7.406415 1
8.850835 7.5285 1
4.677835 2.45673 1
6.27005 6.177885 1
7.616885 0.855155 1
8.11782 3.51203 1
9.62519 9.602475 1
0.05403 5.467905 1
8.641005 3.84372 1
0.88465 5.12019 1
9.192935 4.45263 1
9.96844 9.112655 1
0.80758 6.86917 1
6.85358 1.03826 1
5.748655 1.06258 1
2.83155 9.3051 1
2.24622 3.634675 1
7.668235 6.98468 1
6.85793 1.44197 1
8.26287 1.41067 1
8.68226 3.340515 1
9.008965 5.3559 1
5.30276 1.20448 1
6.302085 6.463465 1
4.564065 2.66516 1
2.719625 0.534525 1
0.562495 7.16491 1
3.239655 7.41623 1
6.001735 9.370445 1
3.5159 8.09135 1
1.870375 1.232635 1
0.690325 2.48967 1
0.265345 8.65089 1
6.243715 9.37105 1
3.409065 6.166225 1
6.68626 3.166705 1
8.266815 0.0042100000000005 1
7.376115 5.71055 1
8.79462 2.06959 1
9.58139 9.183485 1
0.92846 6.52593 1
6.01213 3.03236 1
6.557375 6.54167 1
9.336755 4.055635 1
4.26505 5.192605 1
2.59132 4.487205 1
8.272325 9.99694 1
8.19697 2.39293 1
6.87813 2.746135 1
1.89467 6.023445 1
7.17445 1.755405 1
6.06718 1.09098 1
3.234095 2.986055 1
4.636305 4.390235 1
4.31743 5.1635 1
8.236035 8.971725 1
1.10351 0.97754 1
6.317285 7.338325 1
1.37274 9.52084 1
4.036575 1.310025 1
7.893095 4.018545 1
8.46785 1.37538 1
6.44869 5.137045 1
7.29675 0.19407 1
0.081535 5.739675 1
1.70699 9.75292 1
8.364 4.80657 1
9.150235 7.000315 1
4.24238 4.214155 1
2.30525 2.83309 1
0.63418 2.472485 1
4.376275 2.44907 1
7.3316 6.28301 1
3.256505 2.659695 1
7.594285 8.468855 1
8.654 3.95719 1
6.616735 8.843635 1
3.65188 4.421115 1
6.672975 3.07286 1
3.852695 0.74805 1
3.019265 7.626685 1
5.94271 4.70719 1
5.870425 3.174225 1
5.159185 6.628275 1
7.01889 9.02578 1
0.184145 1.245065 1
8.370535 9.286375 1
0.94661 4.99682 1
1.581245 3.95639 1
5.21805 8.536355 1
9.467385 6.665135 1
3.82759 0.39404 1
4.190595 3.86913 1
6.149235 2.462525 1
7.22273 3.6477 1
0.82186 2.319015 1
9.487515 4.459555 1
6.13258 7.134345 1
5.371515 3.996725 1
4.342095 3.645715 1
2.881805 7.765495 1
7.051115 8.345595 1
5.935305 1.126355 1
7.16379 0.775505 1
6.099375 1.993515 1
1.517825 6.993825 1
4.79342 0.707155 1
8.858575 0.286815 1
2.01247 0.16914 1
7.780635 9.05959 1
5.02003 9.84009 1
3.799245 1.41045 1
2.453085 9.20543 1
5.69943 7.400445 1
5.31174 5.09122 1
8.093175 6.4358 1
7.88459 9.490655 1
0.4004 0.85327 1
2.99432 5.34025 1
8.374925 2.790905 1
9.84923 9.777505 1
1.012245 7.686555 1
4.833255 4.71309 1
7.76022 5.574215 1
8.559755 0.502535 1
7.44695 7.428225 1
0.71861 9.207195 1
5.79519 3.4077 1
5.80394 9.12955 1
8.96957 4.364255 1
0.780715 7.813365 1
7.85379 2.774855 1
5.418085 2.967785 1
6.214265 9.969905 1
8.639395 5.59766 1
1.94621 5.857015 1
1.21516 5.825025 1
0.33588 5.46888 1
8.526205 6.596315 1
5.25343 1.942695 1
9.505405 7.04468 1
8.10335 6.96281 1
7.830255 3.499135 1
9.56695 7.83244 1
5.42689 3.680125 1
3.85287 0.872055 1
1.92432 4.15587 1
9.658445 0.0633 1
8.711125 2.80402 1
5.36116 3.153925 1
2.75163 0.378155 1
9.823515 3.36179 1
5.890965 7.2459 1
3.82811 3.80486 1
1.088035 0.4242 1
3.756055 8.421805 1
1.845935 1.45593 1
3.445365 4.983985 1
4.57093 7.36075 1
8.6435 0.295795 1
6.86274 6.266235 1
7.042635 7.267615 1
2.21469 1.745835 1
1.389125 2.433425 1
7.317235 8.224025 1
2.866995 3.70744 1
4.67547 0.94757 1
0.88553 6.401615 1
8.159765 4.439195 1
9.799875 9.788945 1
4.89619 6.988415 1
1.13543 1.11366 1
4.40221 4.446435 1
8.76967 4.324815 1
1.369145 3.71982 1
1.67263 6.63516 1
2.530215 7.87388 1
4.88494 6.97864 1
3.28122 2.053635 1
8.22797 0.11918 1
3.871045 9.10537 1
4.89737 9.44526 1
6.1857 0.56158 1
5.60503 7.845305 1
3.27996 2.970875 1
8.561495 6.42097 1
7.595955 5.95103 1
4.627465 3.541745 1
0.23824 0.94729 1
4.9937 3.74662 1
9.074135 3.20407 1
6.053925 0.68209 1
9.46175 3.399485 1
2.28716 0.482495 1
0.03912 7.27093 1
3.67152 1.73752 1
7.1783 1.82143 1
5.708555 5.95395 1
1.64682 1.48873 1
0.72647 7.36 1
9.7998 5.154435 1
9.844865 3.53295 1
4.027975 1.26768 1
6.206195 8.15541 1
8.632675 2.35571 1
6.443645 0.89513 1
7.42389 2.54536 1
1.48497 5.066805 1
8.710485 7.158905 1
9.929575 6.98337 1
4.40878 2.9184 1
9.716995 5.6757 1
8.13629 2.19268 1
5.642735 9.995715 1
0.622465 1.93828 1
8.408275 5.217 1
8.642325 8.52912 1
6.34444 8.0603 1
2.590975 5.596805 1
4.220945 6.58844 1
5.669265 9.46516 1
7.081 4.05932 1
8.498835 8.2705 1
5.322475 8.36524 1
9.557705 1.170555 1
8.163825 8.152065 1
4.12423 3.948065 1
9.356255 1.07497 1
7.56557 5.92061 1
8.985875 3.861105 1
5.44139 4.698355 1
5.93665 5.988735 1
1.01298 3.72406 1
5.915805 4.684375 1
4.92778 5.96463 1
9.58131 3.408485 1
3.539595 6.26898 1
3.04207 7.02608 1
0.256065 5.43397 1
7.46142 4.616 1
1.968855 1.43332 1
5.142675 8.634895 1
4.90472 8.880085 1
1.085665 2.236405 1
6.348485 8.654875 1
5.821655 8.29022 1
6.362215 4.025715 1
1.884835 3.22813 1
8.22035 1.623605 1
2.44436 4.169695 1
0.834985 2.85892 1
6.350015 1.74778 1
9.11668 5.901325 1
5.63223 8.05333 1
1.401405 9.729445 1
3.170115 7.93105 1
3.40038 2.02172 1
4.298085 0.13419 1
0.649945 1.931025 1
1.213825 7.85013 1
8.91572 2.1954 1
2.19302 4.71492 1
3.786815 8.706455 1
9.536765 6.92446 1
0.754065 0.943165 1
7.187455 2.19718 1
8.044005 0.738975 1
0.2939 1.50409 1
6.53179 9.445955 1
5.29174 7.66774 1
3.6966 8.0286 1
4.22561 3.8596 1
2.8951 0.630195 1
2.199075 3.25168 1
9.28096 9.18502 1
9.31064 1.42647 1
0.221705 5.73192 1
6.71948 1.04584 1
3.857575 7.821035 1
5.914445 0.33141 1
1.85969 1.482945 1
8.60165 6.438095 1
6.287425 2.14427 1
9.63892 8.168795 1
7.8913 0.901815 1
0.542815 5.271705 1
0.429665 8.127475 1
7.083515 8.54336 1
3.123195 0.115215 1
9.31561 9.450245 1
0.52629 8.696645 1
5.692575 5.2398 1
8.07024 5.903365 1
7.69334 9.582595 1
9.39216 8.03648 1
5.18415 8.975475 1
2.072495 5.6419 1
1.443255 2.040535 1
3.29421 0.56536 1
0.685185 9.237605 1
1.698805 5.96278 1
7.49406 2.534635 1
9.00418 9.19402 1
6.57824 1.966355 1
1.55497 7.12799 1
8.53278 7.133105 1
6.62561 2.29713 1
5.60469 1.598695 1
3.003915 0.91764 1
9.24273 6.869355 1
9.998715 1.18504 1
7.29356 1.637975 1
7.662255 1.24901 1
9.5877 3.12183 1
5.057045 8.439135 1
3.73795 3.17302 1
6.096705 6.565285 1
4.301915 7.499285 1
6.162905 1.732815 1
6.84577 4.656315 1
5.88893 2.98573 1
5.852825 9.030195 1
0.750755 2.885325 1
3.97221 7.98467 1
7.067675 2.480455 1
6.20963 8.13665 1
2.884445 4.560085 1
3.52825 2.126685 1
8.3956 7.626305 1
2.556405 7.904515 1
7.448205 7.33671 1
0.60299 0.274195 1
9.88838 5.58282 1
9.308405 7.22805 1
2.39106 2.70316 1
6.63544 3.48634 1
8.945785 9.784625 1
1.939615 8.02231 1
3.21493 5.376455 1
6.781135 1.933215 1
3.247045 9.049265 1
8.092375 4.002165 1
1.79444 6.1873 1
7.81637 6.48837 1
9.82961 4.71632 1
5.755095 1.307935 1
6.431295 1.6302 1
0.76662 1.089585 1
7.98372 4.238295 1
0.527575 6.72481 1
9.81571 4.61944 1
9.933015 7.41887 1
7.622745 8.605025 1
8.38802 1.243195 1
4.912175 0.837785 1
9.04677 6.494435 1
5.554475 9.319275 1
8.786665 2.8378 1
5.633185 7.01599 1
7.79898 7.81177 1
2.66196 2.86712 1
5.88836 4.964225 1
2.05508 1.15082 1
6.65897 0.641985 1
7.70801 6.181395 1
6.502965 1.51156 1
7.51838 1.474205 1
8.92956 3.647585 1
9.399385 3.54151 1
6.286535 1.028655 1
8.67513 9.44467 1
7.774385 0.78124 1
8.09707 8.19598 1
3.322305 0.824605 1
2.294925 5.065715 1
9.069075 7.053205 1
6.150975 7.250755 1
5.38832 1.491415 1
4.53926 2.09625 1
5.195635 5.0444 1
1.368555 2.54027 1
4.9823 1.17626 1
7.403635 9.68695 1
2.97391 8.82045 1
6.52851 6.43681 1
2.4833 1.556695 1
8.6613 4.054935 1
0.48664 7.46326 1
7.99075 7.77352 1
4.01303 5.336175 1
5.886845 6.708065 1
9.85303 6.47272 1
1.18211 2.72314 1
4.641785 8.522695 1
0.32595 9.00791 1
3.43132 5.987795 1
9.724995 2.20203 1
0.969535 4.17388 1
7.871875 2.80618 1
7.61241 5.65615 1
2.238145 3.553785 1
5.152545 7.54214 1
0.439935 5.71967 1
1.51577 4.15552 1
5.57395 1.3404 1
4.562395 6.79481 1
9.439285 1.77594 1
9.62185 7.45055 1
8.98702 9.589475 1
2.219395 8.23447 1
9.958975 0.4772 1
7.913745 9.856805 1
1.850055 3.176365 1
6.70399 5.662885 1
5.894135 4.98984 1
1.332895 0.37317 1
9.33554 2.05421 1
2.000285 0.942615 1
6.838465 9.82719 1
1.13197 9.534945 1
4.512475 7.16337 1
6.3573 7.5086 1
1.158675 9.977325 1
8.36716 7.99784 1
1.541155 7.53078 1
1.55189 3.83019 1
4.78132 1.49153 1
4.104015 4.468835 1
0.762345 8.719435 1
9.63939 7.89166 1
1.513595 4.90927 1
7.33147 0.45585 1
9.674575 5.72245 1
6.74517 9.581195 1
0.942285 0.95724 1
9.07128 9.63079 1
2.11533 5.190215 1
0.94398 1.67658 1
7.969735 3.637885 1
3.501585 3.162535 1
0.089945 0.835715 1
5.769965 0.05422 1
4.799805 7.429195 1
2.83605 8.64211 1
5.58311 2.373665 1
2.33655 9.18086 1
7.2693 9.260235 1
9.69782 8.25662 1
4.3409 1.34958 1
6.811775 0.79912 1
0.139505 2.1381 1
2.164105 2.332865 1
2.454155 3.471955 1
7.937155 9.7429 1
1.69259 4.87091 1
2.95459 1.033575 1
5.056415 3.91465 1
3.001 7.99757 1
6.510245 0.299015 1
6.21189 3.373925 1
1.430125 9.706735 1
9.21752 9.371535 1
9.42901 9.087765 1
6.60442 2.36192 1
4.16084 1.980565 1
8.379785 3.2193 1
6.08409 0.87416 1
1.42691 3.02832 1
4.15033 1.8558 1
1.401825 4.481 1
9.035775 3.8061 1
4.0402 8.389895 1
0.43048 3.50231 1
7.171965 8.10259 1
1.009445 6.04775 1
4.099755 2.88208 1
0.592495 6.98653 1
0.77348 4.443505 1
5.064215 0.6459 1
6.064235 6.03378 1
7.28217 8.18919 1
5.535545 5.40532 1
6.92436 8.66574 1
7.601155 9.580265 1
7.747275 5.70035 1
1.0415 6.557495 1
0.30876 0.680465 1
1.16773 2.201025 1
2.28267 4.2407 1
4.972515 9.51243 1
4.738105 8.17612 1
4.62697 6.26013 1
7.823945 9.291005 1
6.2178 8.668545 1
4.00266 9.268425 1
9.515575 0.979035 1
5.97379 4.090415 1
0.766315 7.87044 1
4.51441 9.6803 1
5.034825 0.703555 1
1.834485 4.39947 1
1.841015 5.53213 1
7.03949 3.486655 1
3.24734 5.474765 1
8.438965 4.327255 1
3.31147 6.74822 1
9.02793 8.9007 1
7.626655 1.970255 1
9.40097 7.958135 1
2.63022 1.366745 1
6.01698 0.963465 1
3.287115 4.980185 1
9.866915 4.51213 1
9.753115 1.85175 1
4.64644 3.596115 1
4.40434 6.0944 1
8.50064 4.026645 1
9.044685 9.75412 1
0.385005 4.620025 1
2.47618 9.485505 1
3.062235 3.43086 1
5.12784 3.358195 1
5.01173 2.135725 1
8.22918 4.49258 1
7.657115 7.04806 1
2.6865 9.47042 1
7.55535 1.71882 1
3.33228 7.58189 1
3.488445 8.209835 1
4.175025 0.28946 1
3.729585 6.10026 1
4.70553 7.353695 1
8.25128 7.031915 1
1.55028 7.119685 1
8.421785 9.879845 1
5.97937 8.65812 1
0.514765 1.411445 1
2.390115 3.439045 1
8.30604 6.074325 1
4.626775 1.140145 1
8.582275 6.853985 1
8.145405 4.98812 1
5.734595 3.01872 1
6.333815 4.69624 1
2.899055 7.550355 1
3.63748 9.807865 1
1.01335 9.19334 1
7.781635 1.99719 1
3.11122 7.88926 1
1.87606 3.9854 1
6.44109 4.617225 1
6.49777 0.728685 1
2.70804 8.169595 1
8.46517 6.48473 1
1.6974 9.292 1
8.312785 1.05276 1
8.04934 8.764495 1
6.10458 4.1958 1
0.15538 0.44033 1
4.746905 9.025855 1
8.42829 0.17707 1
1.982365 6.99906 1
4.039465 2.3163 1
5.17136 4.687705 1
5.99576 5.345705 1
9.376725 9.529915 1
3.811955 4.15112 1
2.216255 0.715405 1
1.478975 8.95821 1
7.080875 6.19162 1
5.58245 8.566145 1
0.91005 5.2032 1
4.3296 3.403875 1
1.21543 7.080365 1
3.956825 5.9261 1
5.754985 1.04187 1
5.358465 7.973625 1
1.19733 8.806135 1
4.33228 0.441215 1
4.20838 4.638005 1
8.615605 9.929185 1
8.832645 6.51403 1
1.177775 1.45903 1
0.04514 3.41508 1
2.610645 0.550955 1
1.04439 6.49149 1
5.622835 4.56041 1
6.14496 8.409345 1
8.82886 3.81192 1
7.56738 0.99008 1
6.44181 4.38197 1
5.49672 6.436335 1
6.41051 0.778095 1
8.676665 5.442495 1
9.07819 5.37536 1
0.303995 4.34427 1
1.816285 6.11261 1
5.956445 6.537445 1
3.603425 5.488705 1
5.398745 1.483945 1
0.710325 3.324775 1
7.164185 3.620615 1
0.239575 1.54774 1
4.13577 4.1748 1
9.523255 9.52576 1
0.15735 6.915725 1
6.363025 1.318735 1
5.30678 7.65008 1
9.933065 4.1676 1
5.79059 1.11419 1
5.493435 5.309465 1
1.01037 0.28235 1
1.39387 3.38848 1
4.72875 4.01809 1
0.767805 5.420855 1
1.93606 3.54887 1
7.25765 2.35232 1
9.000605 3.923145 1
2.67132 8.62032 1
4.223025 1.678105 1
4.21916 2.003535 1
6.88449 8.807945 1
7.4481 1.888265 1
1.55107 1.60726 1
1.22442 4.61197 1
7.1159 0.54737 1
2.29232 5.870675 1
8.65928 9.679615 1
5.543205 3.478705 1
8.5958 4.001095 1
0.848525 3.882555 1
1.652055 1.899375 1
1.97683 7.11618 1
6.45651 8.37285 1
6.48551 3.428525 1
3.04737 1.590175 1
8.939515 5.42619 1
3.322205 4.85756 1
1.068145 3.505035 1
6.22452 6.89609 1
8.89771 0.65472 1
2.308575 3.356175 1
2.92684 2.36129 1
8.020085 8.76049 1
6.38123 0.521905 1
9.049995 0.751595 1
6.190765 8.225025 1
8.451805 0.10573 1
0.331395 0.768685 1
3.04475 9.32592 1
2.0852 0.32548 1
1.98509 6.875475 1
3.317595 9.1135 1
0.688805 6.20734 1
6.296905 4.19559 1
3.374055 2.340785 1
1.750495 3.911765 1
2.180765 5.515665 1
3.18377 9.741015 1
8.050515 1.874045 1
9.445425 6.058925 1
7.21486 9.103985 1
9.95134 8.20872 1
1.2296 3.695025 1
4.95623 6.942025 1
6.32566 6.10948 1
4.031995 1.08386 1
6.82937 6.390095 1
6.711815 2.89427 1
1.22083 1.970945 1
4.34021 8.297315 1
1.399145 0.180095 1
1.957295 3.911515 1
0.527085 4.98778 1
2.552575 9.829035 1
5.283005 8.25477 1
0.196745 2.85669 1
9.37893 6.46145 1
6.599595 1.43624 1
1.34108 6.92885 1
5.315575 4.85525 1
2.474145 1.5731 1
6.764015 0.633425 1
7.624675 1.749875 1
8.34866 6.69944 1
6.33153 2.09529 1
0.2837 5.367155 1
9.67717 5.68906 1
9.4913 4.443185 1
1.10218 3.03826 1
9.57761 2.971565 1
7.568985 3.997485 1
0.52767 2.64264 1
6.11906 2.642985 1
0.36501 6.6119 1
5.2166 4.23534 1
1.59916 5.65099 1
5.94201 6.037915 1
5.30528 3.631215 1
2.521445 3.01675 1
3.417695 2.392745 1
7.962805 7.36526 1
6.181775 9.089515 1
6.777545 1.26283 1
5.525195 6.039445 1
2.75834 8.709455 1
2.528745 6.096055 1
4.41364 5.41451 1
7.937855 9.27547 1
6.784355 5.09951 1
5.832825 0.7991 1
4.0316 9.53616 1
5.555175 9.967455 1
1.18909 2.60918 1
7.075965 5.34491 1
0.819105 4.83377 1
4.091835 0.630485 1
7.915535 2.271995 1
7.89643 5.19836 1
8.37097 2.060545 1
9.943255 3.37596 1
6.69126 2.383835 1
5.49482 4.08643 1
0.713065 1.447235 1
2.013465 9.37259 1
7.810455 0.86706 1
2.459045 9.0029 1
1.94507 5.25223 1
4.43775 2.2041 1
0.656 7.282515 1
3.043645 7.546415 1
0.78108 2.117955 1
2.0947 2.795775 1
8.506825 0.29048 1
6.010685 5.78128 1
3.039235 9.492395 1
5.00021 5.175475 1
2.36565 2.128345 1
3.19904 8.709205 1
2.850845 5.107345 1
3.04363 5.506675 1
9.891205 7.650915 1
2.211295 1.640495 1
9.615545 7.11908 1
8.666005 1.399665 1
9.20457 2.56493 1
4.161755 1.36698 1
8.701435 1.051205 1
3.42068 4.900155 1
0.78012 9.950115 1
1.928175 4.454215 1
3.135625 7.02782 1
3.78841 2.94997 1
2.585205 9.106845 1
5.83539 9.74958 1
4.043235 3.58668 1
3.37409 3.514245 1
8.64376 4.111365 1
6.57988 4.666955 1
9.2672 2.95164 1
7.27685 9.157245 1
5.124615 3.982805 1
4.53199 2.821505 1
5.097435 5.804165 1
9.398515 5.10037 1
7.859845 5.74877 1
0.687075 4.583315 1
3.912125 2.461925 1
3.18268 3.659595 1
5.214175 0.72598 1
8.26952 8.157445 1
5.351105 6.47642 1
8.01914 1.376975 1
9.17671 3.739925 1
4.793835 5.28218 1
8.53649 2.754065 1
5.56777 8.626605 1
2.56036 7.47488 1
4.089185 7.84489 1
0.918735 0.98155 1
7.756815 1.843785 1
4.034585 4.50266 1
7.16868 7.0673 1
2.26872 5.97794 1
1.85231 0.5453 1
0.827005 5.57209 1
6.809435 8.236135 1
6.328605 9.105995 1
5.191325 8.76131 1
3.923975 7.341635 1
7.840315 6.108565 1
0.60769 8.259325 1
3.663785 3.937385 1
9.91341 8.799415 1
4.434485 0.707025 1
9.000245 7.44414 1
2.219125 4.024135 1
2.473545 0.398685 1
9.26775 9.25704 1
4.452875 3.714305 1
5.927445 1.35463 1
5.011565 3.16454 1
2.64681 7.89336 1
2.43804 3.449685 1
1.380265 9.84625 1
7.57149 0.36423 1
2.852345 0.500545 1
0.04951 0.16302 1
5.22154 6.01758 1
6.024515 5.807855 1
0.33941 6.58295 1
0.980915 0.25013 1
9.751165 3.450575 1
9.74597 8.608545 1
2.605815 6.650025 1
7.66175 6.356805 1
3.619435 2.25541 1
2.71566 2.64699 1
4.15605 4.680875 1
2.67116 5.492845 1
0.34262 7.39394 1
1.66171 0.36191 1
5.79278 3.247135 1
7.35532 7.821685 1
0.830455 2.57659 1
1.60887 3.266695 1
0.96712 9.30894 1
7.311355 7.79129 1
7.298175 5.577975 1
6.23924 3.32385 1
1.461265 9.48874 1
5.882975 0.897995 1
3.10959 6.53254 1
5.3814 9.28094 1
8.55029 5.518285 1
4.322225 1.313865 1
3.062695 1.23041 1
8.821065 2.115485 1
2.28719 4.33873 1
9.55158 8.55328 1
4.91021 2.44777 1
2.326085 9.487715 1
7.302575 8.429855 1
5.66084 3.706295 1
5.906435 4.26174 1
7.465335 0.373605 1
3.28982 0.400335 1
7.39685 6.99215 1
9.9181 6.556105 1
3.812895 7.36139 1
5.59724 6.57244 1
1.02689 9.73657 1
7.6324 3.518335 1
0.83112 1.593135 1
0.14312 8.070515 1
6.601045 4.46174 1
2.565605 0.03664 1
7.61287 7.685505 1
1.38888 6.05055 1
3.7025 4.741595 1
8.671525 0.997805 1
4.123185 6.005555 1
1.01191 7.22126 1
2.302785 4.66594 1
3.3121 2.05416 1
6.469265 7.855425 1
8.67675 2.093645 1
5.280815 8.43252 1
1.156865 4.318455 1
7.354605 8.719205 1
2.154145 6.33561 1
0.27328 5.453585 1
1.520435 6.41753 1
6.952985 1.30295 1
7.700275 4.739845 1
6.635095 5.49663 1
5.846945 8.562855 1
9.649925 1.903765 1
6.12305 6.42759 1
0.65609 6.55992 1
3.97855 0.80223 1
8.944305 1.062195 1
2.91538 1.334435 1
7.113165 6.27055 1
6.819265 3.886085 1
2.126295 0.055505 1
8.661895 8.752615 1
4.329755 2.10565 1
3.15755 0.532455 1
9.46667 0.459895 1
9.948005 7.325465 1
2.83089 5.32589 1
5.35866 6.91734 1
8.09817 5.024195 1
9.123015 0.26146 1
8.43068 3.77911 1
2.693055 4.36686 1
5.13729 7.904 1
2.401155 6.33499 1
5.382975 3.43793 1
5.986185 3.470965 1
1.864895 0.533705 1
9.275225 1.76786 1
0.768615 9.11541 1
2.648235 8.40712 1
6.821575 7.543135 1
2.10273 5.05309 1
0.663525 3.893905 1
7.279285 5.95421 1
7.155075 4.99511 1
9.242195 1.70233 1
8.39221 3.167245 1
9.25245 4.211415 1
0.65484 2.47898 1
3.34884 2.88145 1
4.514735 7.73749 1
4.595745 6.62067 1
4.146975 2.623445 1
9.423395 6.224925 1
6.89656 8.79006 1
4.68745 1.714395 1
5.252355 0.889925 1
0.088150000000001 3.005835 1
3.53689 4.402035 1
5.35295 7.88314 1
1.806585 4.474025 1
1.821515 0.45684 1
3.547255 8.1597 1
5.4526 7.67661 1
7.35275 3.86782 1
3.86655 7.841825 1
8.994785 9.996595 1
2.53208 2.738215 1
3.245255 5.3702 1
0.66693 4.46009 1
2.21921 3.631745 1
0.412085 7.69212 1
0.209055 4.203755 1
7.702185 3.028135 1
0.796735 9.74933 1
6.4932 7.62829 1
1.319435 2.171485 1
9.6153 5.493665 1
1.376685 9.456845 1
4.32913 0.381855 1
7.43085 4.757565 1
5.89472 1.617505 1
2.297645 6.322215 1
3.496125 5.002065 1
7.186995 7.391735 1
6.156195 6.26116 1
0.925105 9.185315 1
9.284535 9.16351 1
9.61848 1.648365 1
7.334835 5.771345 1
1.589495 3.254485 1
8.404655 2.931505 1
4.43445 8.511125 1
6.39888 7.85214 1
7.32774 4.50344 1
6.97674 9.199135 1
2.59382 7.49259 1
7.840865 3.84665 1
8.75227 7.14149 1
3.67692 1.51596 1
3.9839 4.92454 1
3.07672 4.36555 1
4.60571 5.48733 1
5.077085 1.21797 1
9.9538 4.07277 1
7.473665 8.003615 1
0.73741 9.655245 1
3.749925 9.612635 1
8.25404 1.42682 1
8.422185 5.1288 1
0.81042 2.41873 1
0.497 2.63905 1
8.64772 3.795835 1
6.18364 2.661585 1
6.809975 5.92141 1
1.843245 0.467885 1
5.122945 3.147475 1
5.35531 3.974415 1
9.350685 5.407685 1
7.978615 2.98272 1
1.549095 0.246845 1
1.07235 4.763025 1
8.33638 9.47594 1
8.26829 7.96747 1
7.146655 9.228035 1
0.659595 6.673355 1
8.808145 5.24778 1
1.646785 6.772165 1
6.708795 0.653255 1
2.97557 3.44818 1
1.14966 2.92327 1
5.763115 5.03244 1
3.26278 6.23278 1
9.5447 3.97634 1
3.92265 7.684385 1
7.86204 5.06122 1
0.96492 8.71127 1
9.32676 9.217935 1
2.13927 8.52344 1
0.826465 3.042325 1
6.103885 5.95258 1
1.822885 6.585625 1
3.574105 3.948855 1
2.766465 3.318135 1
8.742885 4.558985 1
1.67192 6.254425 1
3.703225 9.218245 1
4.94872 4.4669 1
6.896485 1.31387 1
6.925695 7.692535 1
8.671035 7.72324 1
0.08963 9.267505 1
9.50592 9.95237 1
9.82479 6.98392 1
9.953185 2.093865 1
2.199565 5.739975 1
7.67733 6.789625 1
0.33753 2.27823 1
2.981335 9.78669 1
7.707715 0.47538 1
4.321585 0.50281 1
7.23536 5.1897 1
7.578455 0.547085 1
3.65383 4.845295 1
9.564655 6.501705 1
8.6584 0.29423 1
2.632945 3.447365 1
6.53001 3.194905 1
7.33027 2.069675 1
4.41083 4.740005 1
0.15106 2.843565 1
2.077545 9.824335 1
9.65169 7.067 1
9.792035 9.84545 1
7.01394 9.00522 1
4.65609 3.291575 1
2.40405 5.241845 1
0.164185 1.043685 1
7.056255 5.481805 1
0.61233 8.33851 1
1.163975 0.46138 1
4.847935 8.043415 1
0.2347 6.847735 1
6.095815 9.83981 1
6.01005 5.19569 1
2.34326 1.75786 1
9.108315 8.177735 1
5.27472 5.05097 1
