#DIM = 2
628 212 3
618 191 3
602 156 3
586 128 3
511 83 3
478 71 3
438 64 3
393 61 3
356 63 3
294 68 3
280 72 3
209 93 3
193 136 3
171 171 3
150 222 3
134 240 3
134 281 3
158 325 3
187 344 3
308 370 3
375 388 3
399 396 3
511 433 3
576 465 3
590 499 3
597 534 3
604 577 3
606 613 3
597 660 3
581 684 3
546 728 3
454 744 3
405 755 3
275 749 3
245 744 3
217 730 3
189 720 3
153 684 3
136 651 3
125 623 3
117 584 3
110 540 3
119 530 3
624 226 3
614 245 3
600 253 3
583 263 3
571 261 3
539 252 3
517 234 3
509 215 3
509 196 3
508 176 3
503 153 3
492 132 3
479 120 3
456 105 3
430 99 3
382 97 3
350 89 3
329 92 3
309 92 3
268 96 3
241 103 3
218 116 3
195 134 3
183 157 3
169 206 3
161 247 3
171 292 3
177 312 3
184 327 3
216 341 3
260 360 3
325 375 3
375 398 3
397 407 3
431 428 3
502 460 3
511 479 3
529 512 3
552 542 3
540 536 3
542 580 3
543 609 3
543 648 3
535 675 3
524 700 3
502 720 3
472 736 3
431 733 3
373 734 3
302 730 3
246 723 3
228 715 3
207 699 3
191 677 3
185 659 3
194 630 3
207 609 3
226 585 3
237 576 3
243 563 3
245 536 3
242 494 3
236 477 3
190 458 3
144 460 3
102 475 3
88 501 3
88 533 3
91 575 3
98 602 3
107 648 3
127 678 3
170 728 3
186 739 3
251 756 3
295 759 3
312 760 3
348 764 3
377 762 3
432 761 3
502 748 3
509 742 3
566 719 3
574 699 3
610 666 3
617 640 3
625 611 3
624 571 3
626 545 3
621 512 3
605 471 3
597 458 3
580 441 3
537 409 3
512 406 3
468 402 3
455 399 3
408 391 3
399 386 3
350 379 3
338 380 3
279 380 3
247 370 3
209 362 3
189 345 3
158 327 3
143 308 3
135 271 3
131 246 3
132 203 3
130 140 3
136 130 3
124 178 3
135 159 3
146 136 3
165 113 3
186 97 3
205 84 3
247 71 3
260 65 3
300 60 3
365 63 3
315 58 3
365 49 3
394 50 3
486 62 3
510 76 3
530 93 3
556 105 3
582 118 3
598 140 3
608 167 3
615 193 3
614 223 3
580 250 3
571 253 3
541 247 3
529 232 3
509 208 3
516 171 3
509 136 3
487 104 3
454 90 3
427 86 3
395 87 3
302 78 3
290 81 3
251 86 3
224 96 3
186 111 3
163 124 3
152 151 3
142 202 3
125 227 3
113 273 3
128 304 3
153 323 3
212 349 3
270 366 3
310 383 3
355 391 3
379 397 3
431 405 3
436 407 3
441 428 3
467 432 3
477 436 3
500 457 3
519 474 3
549 495 3
568 510 3
569 542 3
573 576 3
576 605 3
578 640 3
570 661 3
559 686 3
544 706 3
523 727 3
502 742 3
478 750 3
441 758 3
415 758 3
371 751 3
340 741 3
302 740 3
262 745 3
241 738 3
221 749 3
188 731 3
166 720 3
142 702 3
130 679 3
121 660 3
109 633 3
102 610 3
88 563 3
88 534 3
103 493 3
109 485 3
136 474 3
145 472 3
173 473 3
200 479 3
211 488 3
224 507 3
228 532 3
223 554 3
208 574 3
197 593 3
183 615 3
177 637 3
175 656 3
178 677 3
188 708 3
193 716 3
173 695 3
170 673 3
166 654 3
169 632 3
174 610 3
183 577 3
190 566 3
195 559 3
202 537 3
206 507 3
203 500 3
190 489 3
158 489 3
135 493 3
117 499 3
100 527 3
100 558 3
110 583 3
122 599 3
137 630 3
146 639 3
147 641 3
153 647 3
169 607 3
173 559 3
180 527 3
170 505 3
153 512 3
124 532 3
123 564 3
135 587 3
143 602 3
149 615 3
158 582 3
161 556 3
151 531 3
136 544 3
134 563 3
169 532 3
185 545 3
190 516 3
110 518 3
103 562 3
116 621 3
135 667 3
155 697 3
193 728 3
208 743 3
232 751 3
275 762 3
295 768 3
312 763 3
338 766 3
356 769 3
375 769 3
404 771 3
419 770 3
441 770 3
468 766 3
482 768 3
517 761 3
527 749 3
542 737 3
558 724 3
566 720 3
595 679 3
582 708 3
568 732 3
558 743 3
532 759 3
545 731 3
557 740 3
574 719 3
597 700 3
601 684 3
600 663 3
602 621 3
608 589 3
608 553 3
609 534 3
604 496 3
594 476 3
583 463 3
572 446 3
542 428 3
525 427 3
528 454 3
537 461 3
551 473 3
606 504 3
573 517 3
573 555 3
574 585 3
576 611 3
569 635 3
557 645 3
553 616 3
554 589 3
554 551 3
548 516 3
535 488 3
514 455 3
500 437 3
493 433 3
468 423 3
446 421 3
430 421 3
405 414 3
377 413 3
361 410 3
351 407 3
327 400 3
305 396 3
287 389 3
283 389 3
227 377 3
218 373 3
226 356 3
251 378 3
261 385 3
288 379 3
201 361 3
176 349 3
166 344 3
153 340 3
150 332 3
141 321 3
125 304 3
114 262 3
106 242 3
98 223 3
99 203 3
102 188 3
106 176 3
110 160 3
113 147 3
118 135 3
125 126 3
146 108 3
151 102 3
159 97 3
190 86 3
217 83 3
172 84 3
193 71 3
211 66 3
225 60 3
236 60 3
256 59 3
278 56 3
312 52 3
328 53 3
347 53 3
374 53 3
407 56 3
429 61 3
445 65 3
460 57 3
484 73 3
508 88 3
554 110 3
556 125 3
569 140 3
581 158 3
597 184 3
596 199 3
595 216 3
587 234 3
580 232 3
561 233 3
536 228 3
534 207 3
528 191 3
525 167 3
521 148 3
509 117 3
494 105 3
450 86 3
350 62 3
343 73 3
323 72 3
264 72 3
214 102 3
192 129 3
174 148 3
161 166 3
158 188 3
158 203 3
162 308 3
149 280 3
136 256 3
153 304 3
118 289 3
195 363 3
180 357 3
140 333 3
129 322 3
117 310 3
108 300 3
104 288 3
100 280 3
92 269 3
91 254 3
93 230 3
92 215 3
105 224 3
117 204 3
119 193 3
128 175 3
139 189 3
134 209 3
149 244 3
158 266 3
101 239 3
539 163 3
546 190 3
558 207 3
570 218 3
578 211 3
583 196 3
576 171 3
558 139 3
557 138 3
508 116 3
530 135 3
537 152 3
565 170 3
565 184 3
564 196 3
556 172 3
534 109 3
521 103 3
498 94 3
474 88 3
473 88 3
439 79 3
420 79 3
393 79 3
380 78 3
371 77 3
360 82 3
475 409 3
484 411 3
502 425 3
530 437 3
545 450 3
550 460 3
564 482 3
569 490 3
580 509 3
591 532 3
589 556 3
587 578 3
586 590 3
585 599 3
584 633 3
573 668 3
585 646 3
604 643 3
566 696 3
547 713 3
550 664 3
538 702 3
537 721 3
531 741 3
492 735 3
482 745 3
478 753 3
169 713 3
184 693 3
147 657 3
120 642 3
111 600 3
97 633 3
96 620 3
88 602 3
97 590 3
144 567 3
128 609 3
157 621 3
155 598 3
170 594 3
190 605 3
205 591 3
220 571 3
230 558 3
207 556 3
212 529 3
221 510 3
231 517 3
221 482 3
180 510 3
127 509 3
128 514 3
118 545 3
137 522 3
145 551 3
162 573 3
136 579 3
117 578 3
156 666 3
166 692 3
206 713 3
266 733 3
294 745 3
316 744 3
336 750 3
325 762 3
360 750 3
393 748 3
426 747 3
455 760 3
555 239 3
535 120 3
562 134 3
519 82 3
545 99 3
583 124 3
601 149 3
614 170 3
617 194 3
606 185 3
604 223 3
584 161 3
573 142 3
415 94 3
240 84 3
177 128 3
153 152 3
162 318 3
203 337 3
236 356 3
257 362 3
307 374 3
337 386 3
368 394 3
407 394 3
435 392 3
448 403 3
466 407 3
474 412 3
508 413 3
554 449 3
554 433 3
573 473 3
583 504 3
602 514 3
622 587 3
613 615 3
554 680 3
533 698 3
486 766 3
498 751 3
178 474 3
162 485 3
161 464 3
238 512 3
231 540 3
219 562 3
227 362 3
119 250 3
131 274 3
141 282 3
144 262 3
146 221 3
143 183 3
95 194 3
105 157 3
167 95 3
206 109 3
267 85 3
315 80 3
324 81 3
411 66 3
461 73 3
537 83 3
494 73 3
512 107 3
544 138 3
557 169 3
542 211 3
536 230 3
556 251 3
603 240 3
528 189 3
156 115 3
139 158 3
115 164 3
113 269 3
240 375 3
422 405 3
416 414 3
453 417 3
484 420 3
524 493 3
562 525 3
558 563 3
565 614 3
589 608 3
596 645 3
566 675 3
557 701 3
225 731 3
200 736 3
385 765 3
459 751 3
141 682 3
153 713 3
539 174 3
553 195 3
562 148 3
472 96 3
483 86 3
405 73 3
359 75 3
295 67 3
274 75 3
243 81 3
185 105 3
170 117 3
155 130 3
148 146 3
125 186 3
119 210 3
104 243 3
117 230 3
108 271 3
133 305 3
168 329 3
174 343 3
189 345 3
259 373 3
275 377 3
279 369 3
297 383 3
317 388 3
336 396 3
360 401 3
376 404 3
387 395 3
388 405 3
199 350 3
471 417 3
492 427 3
517 452 3
536 466 3
547 492 3
564 523 3
579 561 3
574 579 3
565 611 3
561 665 3
548 691 3
538 705 3
522 719 3
510 729 3
580 507 3
585 553 3
603 597 3
597 628 3
594 663 3
583 684 3
563 710 3
212 719 3
264 739 3
321 748 3
366 753 3
413 756 3
443 754 3
479 753 3
435 745 3
406 747 3
380 750 3
318 734 3
278 734 3
198 699 3
174 708 3
374 763 3
455 770 3
488 761 3
515 746 3
168 665 3
180 584 3
183 560 3
185 545 3
208 536 3
209 521 3
165 494 3
137 505 3
133 512 3
119 476 3
178 494 3
527 242 3
569 123 3
584 146 3
590 184 3
608 213 3
551 226 3
520 215 3
578 530 3
578 481 3
195 526 3
164 518 3
335 469 2
350 476 2
366 485 2
406 504 2
416 513 2
439 530 2
443 539 2
457 581 2
464 600 2
458 619 2
448 640 2
442 647 2
421 657 2
386 664 2
359 673 2
322 671 2
320 669 2
312 663 2
274 640 2
275 634 2
282 620 2
291 599 2
303 578 2
322 549 2
330 530 2
338 489 2
341 479 2
339 472 2
282 647 2
294 661 2
300 664 2
311 666 2
286 654 2
332 668 2
342 668 2
365 669 2
383 668 2
397 668 2
401 664 2
423 655 2
351 484 2
364 494 2
393 506 2
415 523 2
438 543 2
454 567 2
454 582 2
441 607 2
440 623 2
424 636 2
388 652 2
342 647 2
330 648 2
292 624 2
293 606 2
315 559 2
329 542 2
340 519 2
352 494 2
289 641 2
312 646 2
330 649 2
364 655 2
393 655 2
419 650 2
428 640 2
455 626 2
374 507 2
391 528 2
406 547 2
421 576 2
422 595 2
408 622 2
390 633 2
367 638 2
340 637 2
320 624 2
306 607 2
323 576 2
359 542 2
362 508 2
366 516 2
387 539 2
390 547 2
399 567 2
403 607 2
384 619 2
355 617 2
330 617 2
328 614 2
344 594 2
359 561 2
359 546 2
361 542 2
365 578 2
361 589 2
381 592 2
382 571 2
377 539 2
336 498 2
347 495 2
353 515 2
372 489 2
380 495 2
394 497 2
402 515 2
403 527 2
400 543 2
422 525 2
427 532 2
429 542 2
416 553 2
419 561 2
435 572 2
445 554 2
447 565 2
437 586 2
427 583 2
432 598 2
455 593 2
449 611 2
439 628 2
429 647 2
404 652 2
409 660 2
411 658 2
412 642 2
405 628 2
397 624 2
392 613 2
375 657 2
368 659 2
349 664 2
336 656 2
331 657 2
318 657 2
299 651 2
290 645 2
279 633 2
291 630 2
305 637 2
309 639 2
347 747 2
303 621 2
297 580 2
308 578 2
320 565 2
328 554 2
343 530 2
344 527 2
333 508 2
346 496 2
352 503 2
356 514 2
357 531 2
371 528 2
384 523 2
394 520 2
380 507 2
381 501 2
303 590 2
294 589 2
320 633 2
334 641 2
355 644 2
356 636 2
348 623 2
337 628 2
383 640 2
403 642 2
426 623 2
428 609 2
418 606 2
409 608 2
416 599 2
309 566 2
300 572 2
317 571 2
311 564 2
331 520 2
341 506 2
346 485 2
335 474 2
370 496 2
291 583 2
289 588 2
281 598 2
279 609 2
280 622 2
276 625 2
321 582 2
335 557 2
341 536 2
346 529 2
299 601 2
295 615 2
296 621 2
308 623 2
315 639 2
319 637 2
314 607 2
314 600 2
319 586 2
322 582 2
330 572 2
329 569 2
356 552 2
340 546 2
345 542 2
348 537 2
352 533 2
405 530 2
411 541 2
414 527 2
423 533 2
417 545 2
426 554 2
426 553 2
433 554 2
443 570 2
445 589 2
453 596 2
448 609 2
449 632 2
446 639 2
425 649 2
372 630 2
359 625 2
356 627 2
319 632 2
327 634 2
362 620 2
371 613 2
390 607 2
403 606 2
309 587 2
309 571 2
335 533 2
346 511 2
360 502 2
370 498 2
356 483 2
305 657 2
326 593 2
331 608 2
333 607 2
341 605 2
349 596 2
348 609 2
363 597 2
357 601 2
373 606 2
374 598 2
363 603 2
370 587 2
387 591 2
396 596 2
408 593 2
408 581 2
400 574 2
406 564 2
394 558 2
382 553 2
370 548 2
366 557 2
365 570 2
347 571 2
336 578 2
337 581 2
341 561 2
344 549 2
344 563 2
352 543 2
356 523 2
361 522 2
375 512 2
383 510 2
391 514 2
429 562 2
439 557 2
455 606 2
437 636 2
376 642 2
349 655 2
297 642 2
375 663 2
325 601 2
336 599 2
352 582 2
356 576 2
351 565 2
346 556 2
376 571 2
383 578 2
389 565 2
415 623 2
432 624 2
350 670 2
375 665 2
359 661 2
316 613 2
285 610 2
392 585 2
414 571 2
440 580 2
435 613 2
415 633 2
365 535 2
375 522 2
488 323 1
474 319 1
463 320 1
426 311 1
382 301 1
352 300 1
335 295 1
299 283 1
289 279 1
261 269 1
255 264 1
227 246 1
226 224 1
227 215 1
233 200 1
243 182 1
251 174 1
261 168 1
294 167 1
298 214 1
331 234 1
328 248 1
328 253 1
368 282 1
390 291 1
403 298 1
360 263 1
344 243 1
344 231 1
342 212 1
338 191 1
332 179 1
316 165 1
296 163 1
277 163 1
465 310 1
444 303 1
422 296 1
415 282 1
410 280 1
390 278 1
374 268 1
365 257 1
349 241 1
449 311 1
429 290 1
395 272 1
384 263 1
374 255 1
368 245 1
358 232 1
351 206 1
349 193 1
464 308 1
433 279 1
424 271 1
414 258 1
405 245 1
398 234 1
395 225 1
392 213 1
389 204 1
383 196 1
370 180 1
367 176 1
356 167 1
349 164 1
338 159 1
319 159 1
306 159 1
297 160 1
474 317 1
445 292 1
454 300 1
476 312 1
483 316 1
479 323 1
412 249 1
408 229 1
407 226 1
402 212 1
393 192 1
384 179 1
375 172 1
239 252 1
247 258 1
271 274 1
320 287 1
332 294 1
364 300 1
387 303 1
405 309 1
437 310 1
449 317 1
433 303 1
359 288 1
341 284 1
277 277 1
220 234 1
226 229 1
237 205 1
250 185 1
252 182 1
246 208 1
251 237 1
260 253 1
285 271 1
332 284 1
345 288 1
350 274 1
337 266 1
324 277 1
333 263 1
340 249 1
346 247 1
349 261 1
354 255 1
328 268 1
316 268 1
318 247 1
318 244 1
305 254 1
313 242 1
325 235 1
330 204 1
326 174 1
311 192 1
295 223 1
299 242 1
292 253 1
278 244 1
270 230 1
262 212 1
405 260 1
399 250 1
389 232 1
382 219 1
375 203 1
365 185 1
356 173 1
342 171 1
240 193 1
237 223 1
232 230 1
224 244 1
247 248 1
263 259 1
269 260 1
284 271 1
306 283 1
315 284 1
248 223 1
257 193 1
266 182 1
291 173 1
301 172 1
276 187 1
276 217 1
279 235 1
276 254 1
296 272 1
306 274 1
297 258 1
308 265 1
370 222 1
385 247 1
398 260 1
398 242 1
383 229 1
379 216 1
384 198 1
380 188 1
370 194 1
366 208 1
348 216 1
344 227 1
325 219 1
311 231 1
457 312 1
415 306 1
436 290 1
466 312 1
392 305 1
417 308 1
220 223 1
227 202 1
305 206 1
287 223 1
278 199 1
278 191 1
262 201 1
262 203 1
238 240 1
262 250 1
268 248 1
268 214 1
275 206 1
287 194 1
295 184 1
298 178 1
323 190 1
322 206 1
295 209 1
350 184 1
354 207 1
353 228 1
373 239 1
377 288 1
368 299 1
293 193 1
296 188 1
300 182 1
317 188 1
330 198 1
277 173 1
247 201 1
252 222 1
255 226 1
263 240 1
290 238 1
319 218 1
335 212 1
315 168 1
337 172 1
364 235 1
353 253 1
360 275 1
358 283 1
403 289 1
395 281 1
406 272 1
421 286 1
407 295 1
286 236 1
262 238 1
256 206 1
286 212 1
286 185 1
283 164 1
310 173 1
327 163 1
343 172 1
353 190 1
361 196 1
365 208 1
398 283 1
311 215 1
303 232 1
