#DIM = 2
9.762889 6.732197 2 
5.834171 2.257185 4 
3.055442 5.895594 1 
7.417248 5.005022 2 
8.55058 7.339137 2 
5.174741 3.110345 4 
3.466766 6.429584 1 
2.590125 6.219611 1 
9.028707 6.871281 2 
9.176081 5.901113 2 
0.702027 3.420956 6 
8.591104 9.079343 2 
8.076044 8.383215 2 
3.784021 5.721817 1 
4.511915 2.295883 4 
3.260906 5.545072 1 
2.295608 5.937102 1 
1.010217 4.006872 6 
9.106016 5.759654 2 
9.312013 6.630865 2 
9.235067 6.979375 2 
2.645617 5.889257 1 
7.327282 4.705694 2 
10.074316 8.491999 2 
1.433044 5.959952 1 
2.577827 6.771689 1 
7.73459 5.752384 2 
4.947233 3.023145 4 
8.07836 5.891976 2 
3.23423 5.625548 1 
2.381409 6.223169 1 
3.722505 6.307603 1 
9.952378 8.427301 2 
2.361944 5.713194 1 
4.491945 3.026099 4 
9.543754 8.944789 2 
9.458756 8.998099 2 
6.185998 5.67125 2 
8.709237 6.831473 2 
8.823144 8.375189 2 
1.801293 6.905795 1 
9.283579 6.713031 2 
2.394758 6.23576 1 
7.733222 6.486784 2 
8.223354 6.06462 2 
3.750019 2.924881 4 
2.880547 4.798087 1 
9.454891 7.504265 2 
1.003895 2.969256 6 
2.517773 5.900085 1 
2.737881 5.176813 1 
2.618399 7.275433 1 
1.685264 7.291636 1 
8.588172 8.775329 2 
7.62739 6.192654 2 
0.352363 3.910348 6 
1.894686 5.671486 1 
8.202114 6.961592 2 
8.327211 6.406541 2 
2.216668 6.714572 1 
0.233303 3.445608 6 
3.243972 6.018378 1 
9.360348 9.089013 2 
2.720335 6.539785 1 
9.483347 5.759055 2 
0.392807 2.93453 6 
1.063231 3.448348 6 
5.933513 2.726595 4 
8.495762 5.545336 2 
8.063222 8.915757 2 
3.600545 6.617531 1 
4.286163 2.163565 4 
8.630655 7.291469 2 
8.842366 7.177562 2 
8.971459 6.019375 2 
1.022882 5.660406 1 
8.719388 8.535713 2 
9.712498 9.008607 2 
0.476709 3.778096 6 
2.478011 5.823675 1 
4.769501 3.491345 4 
9.459514 8.867565 2 
5.800025 2.882117 4 
4.411363 2.962119 4 
3.108986 5.771968 1 
7.88226 5.338008 2 
2.082866 5.687566 1 
0.586077 1.821882 6 
9.950275 6.960685 2 
4.02412 6.018216 1 
8.443783 6.321057 2 
3.922401 3.295127 4 
0.726129 3.312956 6 
6.800712 4.220836 2 
8.081742 7.951193 2 
4.541025 2.738509 4 
7.135292 6.436782 2 
4.588671 2.833013 4 
5.743575 1.890785 4 
8.950402 5.293426 2 
0.526395 3.63241 6 
9.200817 7.302035 2 
8.469714 6.211694 2 
0.363199 2.934502 6 
9.864691 6.747495 2 
6.582608 5.752446 2 
7.167114 6.302164 2 
5.033475 2.148681 4 
5.512773 2.977763 4 
2.589013 5.946083 1 
-0.273179 2.869094 6 
3.565985 6.340769 1 
-0.813305 3.995614 6 
4.643917 3.492969 4 
8.547812 8.532009 2 
1.174039 3.76237 6 
9.024862 8.822337 2 
4.062863 3.031971 4 
7.985683 6.477481 2 
-0.627315 1.676408 6 
0.300527 2.488978 6 
-0.167569 3.03144 6 
2.834969 6.477747 1 
3.011558 6.72914 1 
1.137183 3.06597 6 
9.963203 5.821843 2 
8.998044 8.051127 2 
2.34115 5.2105 1 
2.375366 5.673366 1 
9.654211 6.773703 2 
9.195035 5.476741 2 
6.959612 5.602542 2 
10.019216 8.218661 2 
9.332671 6.124235 2 
8.855191 7.060891 2 
-0.118655 2.827068 6 
8.868019 6.113401 2 
4.205229 3.283631 4 
2.961246 6.853786 1 
9.807785 5.626175 2 
10.15308 7.886767 2 
8.143504 8.454559 2 
3.519317 6.068929 1 
4.689945 2.483801 4 
8.60721 8.160453 2 
4.923257 3.193473 4 
2.263069 5.295727 1 
9.363555 8.466891 2 
9.258192 5.497748 2 
9.365181 5.838729 2 
-1.399961 2.658002 6 
8.874462 7.245477 2 
3.338575 6.672107 1 
2.024189 6.210933 1 
0.967527 3.835826 6 
3.719493 6.081989 1 
5.055675 2.835163 4 
9.386738 9.505981 2 
8.099257 7.589189 2 
-0.104591 2.810232 6 
-0.018463 4.536752 6 
4.280215 4.033279 4 
1.914528 5.417246 1 
2.306041 6.068109 1 
-0.471717 3.05808 6 
8.146488 8.157195 2 
8.571346 8.317533 2 
9.725957 7.326673 2 
8.216722 8.152607 2 
9.842639 7.360691 2 
7.327764 5.735344 2 
1.368567 3.320738 6 
3.665883 2.297631 4 
4.871669 2.427221 4 
8.060582 5.93251 2 
3.114081 6.305733 1 
8.671076 6.847894 2 
8.14563 4.95183 2 
9.946162 8.457867 2 
2.733919 5.636797 1 
-0.043315 2.58034 6 
3.021699 5.242539 1 
8.456766 5.98493 2 
2.868523 5.184875 1 
7.76218 6.013874 2 
9.416923 6.078127 2 
8.125168 5.202326 2 
1.174115 3.151636 6 
4.309977 3.003917 4 
2.496347 6.871349 1 
2.745781 4.738119 1 
8.166664 5.745986 2 
2.309774 6.419638 1 
9.020798 5.664528 2 
7.793164 6.433056 2 
1.631008 6.280864 1 
1.702904 5.98551 1 
3.705325 6.970999 1 
6.850068 5.743624 2 
7.123526 5.048846 2 
9.784467 7.400411 2 
8.274546 5.952128 2 
3.840061 2.115047 4 
5.074385 3.185919 4 
1.676216 6.74809 1 
10.871671 6.859445 2 
8.782414 6.931478 2 
2.132353 6.788045 1 
10.276655 5.120277 2 
1.908774 5.362738 1 
0.040427 2.404848 6 
3.216041 7.142553 1 
-0.710049 1.323158 6 
2.632397 6.084479 1 
10.189437 6.112269 2 
7.90199 5.240734 2 
2.651575 6.254949 1 
9.786977 6.043043 2 
-0.324821 2.261168 6 
8.206522 4.488904 2 
7.587356 6.33307 2 
8.160086 9.376431 2 
3.267061 7.415665 1 
3.177197 5.890891 1 
4.744985 3.019147 4 
5.273991 4.266157 4 
2.035982 4.618448 1 
1.797782 6.891704 1 
8.335706 9.042157 2 
3.824939 3.678821 4 
3.16815 5.224852 1 
3.207139 6.927701 1 
0.437363 3.859192 6 
9.673937 7.129167 2 
9.725767 6.757457 2 
9.141475 6.299017 2 
2.632393 7.323711 1 
1.753895 3.34672 6 
8.545386 9.873665 2 
5.006157 2.067931 4 
8.5921 8.826555 2 
9.477537 6.812841 2 
8.995972 5.421792 2 
7.987208 5.106604 2 
7.50329 5.66776 2 
2.658807 5.340901 1 
0.922075 3.580054 6 
3.505649 5.874047 1 
9.248144 9.146607 2 
8.838854 7.113389 2 
3.272841 6.350985 1 
10.348438 9.282941 2 
6.855228 6.13978 2 
5.244565 2.426907 4 
7.32228 6.61688 2 
4.939307 2.961747 4 
5.118471 3.433533 4 
5.823863 3.013507 4 
2.094932 5.852646 1 
8.789154 5.783984 2 
8.834916 6.127918 2 
5.019265 3.078807 4 
8.527426 8.649093 2 
1.945458 4.932824 1 
4.269721 1.999857 4 
0.788291 3.126404 6 
3.083267 7.626469 1 
3.219155 2.335851 4 
8.508374 4.595178 2 
8.326556 5.541494 2 
-1.401967 3.43981 6 
9.818521 7.253847 2 
2.256194 5.240028 1 
2.862195 5.462109 1 
5.150629 3.231397 4 
4.223881 1.515869 4 
0.507429 4.273178 6 
3.352631 5.928987 1 
9.685699 6.685431 2 
8.453766 8.466251 2 
4.350725 4.042097 4 
2.197434 5.474278 1 
9.497859 6.373067 2 
-0.352617 2.93111 6 
0.949361 2.565806 6 
9.21752 5.524166 2 
3.410205 2.953465 4 
2.96595 6.70501 1 
8.889574 6.293652 2 
3.882226 7.096966 1 
8.194258 5.938994 2 
9.840658 6.220596 2 
3.843293 4.263207 4 
-0.462253 2.257592 6 
2.901583 5.565161 1 
0.447903 3.328552 6 
8.775828 8.500345 2 
4.357453 2.698505 4 
6.659383 2.993713 4 
3.450302 6.06014 1 
7.487436 5.859498 2 
2.282823 6.337703 1 
3.410025 6.748241 1 
6.161983 3.573651 4 
3.624829 2.138019 4 
9.457575 7.343213 2 
9.39217 8.700307 2 
9.604536 9.318837 2 
0.745101 3.72744 6 
3.129122 5.768294 1 
7.816184 4.884588 2 
8.711661 5.688191 2 
2.534818 5.563394 1 
2.567933 5.379837 1 
3.368147 2.464813 4 
8.634582 8.531911 2 
9.718469 6.218325 2 
4.493017 3.203147 4 
0.900157 3.86566 6 
2.363901 6.401495 1 
8.473028 5.652952 2 
4.697145 3.615043 4 
10.276355 7.262899 2 
7.971957 6.416517 2 
1.009612 6.361958 1 
2.834525 5.369247 1 
3.151449 6.589519 1 
5.340553 3.472809 4 
7.78148 5.547096 2 
3.156054 6.007026 1 
9.468473 6.543065 2 
2.993305 6.065081 1 
9.313048 7.521991 2 
7.936954 9.313451 2 
10.225468 8.656289 2 
2.441548 5.264042 1 
8.956895 5.959877 2 
7.72773 5.454624 2 
8.047308 5.873692 2 
3.921351 5.965681 1 
5.023393 3.884825 4 
1.460619 5.859359 1 
10.061059 6.429201 2 
0.507519 3.217868 6 
2.302704 7.117456 1 
3.309484 6.747502 1 
8.630654 6.112734 2 
1.854984 6.485976 1 
7.92384 6.125216 2 
10.037039 7.003527 2 
4.750727 2.487135 4 
1.237292 5.5386 1 
0.602607 2.361654 6 
0.957171 3.399346 6 
9.43821 8.163767 2 
9.464123 6.833179 2 
-0.564183 3.683424 6 
2.170022 5.151148 1 
0.428603 2.984662 6 
0.317247 2.519886 6 
1.605947 2.365184 6 
2.818474 6.720488 1 
2.808272 5.709936 1 
8.747729 7.107381 2 
0.491023 3.32523 6 
9.308987 5.951459 2 
2.498382 4.879486 1 
7.538606 5.656024 2 
1.848017 6.397211 1 
9.11205 7.778939 2 
8.897806 5.592192 2 
8.508718 8.570717 2 
1.636508 5.55802 1 
3.380336 6.108964 1 
3.794527 3.958087 4 
8.135242 6.309008 2 
9.53661 9.469309 2 
2.164295 5.331545 1 
5.646999 3.983387 4 
2.768294 5.26106 1 
2.774762 5.917382 1 
9.391992 6.898033 2 
3.575813 6.821145 1 
1.142389 3.241806 6 
9.720951 6.467477 2 
-1.164241 3.74923 6 
0.049413 2.882192 6 
2.648399 6.172731 1 
2.456757 4.339535 1 
9.352306 9.005441 2 
9.709751 5.789537 2 
8.751972 9.302157 2 
8.524322 8.698165 2 
5.427327 3.021229 4 
5.343877 2.813925 4 
9.271435 7.235401 2 
8.794961 6.590249 2 
2.710388 6.152742 1 
7.078888 6.580564 2 
5.652491 2.371565 4 
1.226561 5.423525 1 
8.668357 7.030511 2 
7.475884 5.436688 2 
7.179252 7.172314 2 
8.26203 7.890261 2 
8.627938 8.575459 2 
7.802398 5.78071 2 
1.477343 1.831506 6 
2.410942 6.172226 1 
10.317143 6.164739 2 
-0.115139 3.28377 6 
2.339285 5.696799 1 
7.589622 5.956568 2 
2.335917 5.708259 1 
4.395649 2.912239 4 
7.94613 6.239546 2 
2.7657 6.6326 1 
8.758434 8.983215 2 
3.994974 5.741704 1 
2.279578 6.46293 1 
8.533036 9.527015 2 
1.416261 3.052544 6 
8.717818 6.428796 2 
7.923982 6.308482 2 
5.587377 2.459819 4 
8.487414 5.989062 2 
1.778523 6.947175 1 
0.036417 3.556366 6 
4.935665 3.158895 4 
2.128828 6.908354 1 
5.128439 3.347979 4 
-0.557459 2.961178 6 
8.03406 5.25513 2 
-0.613157 2.913288 6 
9.309788 6.292758 2 
9.484085 6.969031 2 
2.540519 6.837209 1 
2.311955 5.746737 1 
9.741513 7.087177 2 
4.223451 3.211955 4 
4.333141 3.155425 4 
4.578667 3.058463 4 
2.990425 5.998121 1 
2.680741 6.489339 1 
3.186269 2.419301 4 
2.075056 6.283046 1 
8.684938 7.573475 2 
4.176573 3.091771 4 
8.936046 8.586061 2 
2.04727 5.935158 1 
2.209251 6.341757 1 
9.046873 6.670201 2 
8.76931 5.657794 2 
1.377282 5.69092 1 
8.938121 6.544483 2 
1.824409 6.032997 1 
-0.597901 3.916692 6 
8.891914 8.535931 2 
0.480703 3.815376 6 
8.86595 6.954242 2 
8.405696 8.225171 2 
8.608996 5.30224 2 
8.272885 6.965823 2 
5.757683 3.412441 4 
-0.526847 2.812922 6 
9.451443 6.377899 2 
4.513451 2.670755 4 
1.968105 5.342753 1 
2.53431 6.210936 1 
2.550914 5.347694 1 
4.855635 3.913099 4 
8.676 8.537835 2 
4.815095 1.991059 4 
-0.891687 3.136846 6 
9.997759 6.558129 2 
9.451758 7.874725 2 
8.215975 6.940453 2 
-0.155765 2.819132 6 
0.090823 2.710282 6 
8.711553 8.226509 2 
7.222672 5.193586 2 
1.609489 2.681984 6 
5.627383 2.511617 4 
9.656239 7.543325 2 
2.591588 6.21148 1 
0.329259 3.167008 6 
0.420743 3.205836 6 
2.078948 7.134866 1 
0.017185 3.418816 6 
8.399688 9.066325 2 
7.849242 6.457446 2 
9.053234 8.960063 2 
1.040717 2.498586 6 
2.450714 6.258352 1 
10.521026 8.261389 2 
3.244101 5.860347 1 
1.696887 7.427931 1 
7.293012 5.819654 2 
3.874785 7.000135 1 
7.478018 6.729882 2 
7.63793 5.50564 2 
8.923872 7.082108 2 
4.897179 2.697119 4 
5.069619 3.568437 4 
1.251223 2.551162 6 
4.913595 2.758609 4 
4.289675 3.375081 4 
8.971034 8.177699 2 
8.565346 6.147562 2 
1.267421 3.152946 6 
2.522499 6.313805 1 
4.117971 3.205681 4 
2.701447 5.824995 1 
3.453131 6.745927 1 
8.519852 8.780463 2 
8.171028 8.169339 2 
2.712543 4.648151 1 
9.22055 8.678311 2 
4.149211 2.951171 4 
9.00315 5.068972 2 
5.217381 2.238929 4 
7.56333 6.712754 2 
5.581731 2.070833 4 
-0.756295 1.348862 6 
3.088913 6.127603 1 
1.322905 2.560884 6 
2.679563 6.156357 1 
8.522155 6.048267 2 
7.951972 5.108268 2 
9.862335 7.227647 2 
2.670156 4.961694 1 
6.310823 1.922653 4 
7.898376 6.373288 2 
3.5944 6.373316 1 
4.186007 3.065293 4 
0.305173 3.192142 6 
5.591323 2.435451 4 
1.841213 4.160565 1 
1.067405 2.24055 6 
0.484819 2.258252 6 
4.686249 2.537463 4 
9.133263 6.781303 2 
4.519253 2.323167 4 
7.920598 8.902793 2 
0.418753 1.908962 6 
9.986088 8.305019 2 
0.148375 3.676292 6 
2.590517 6.154127 1 
8.493024 5.498422 2 
7.97297 7.347699 2 
8.893392 9.290019 2 
8.815831 6.888039 2 
8.918276 6.024944 2 
4.056198 5.159586 1 
2.443319 6.659723 1 
10.122493 5.909021 2 
0.053421 2.693654 6 
2.340638 5.792148 1 
8.676426 8.932623 2 
4.710971 2.562843 4 
4.553711 3.259091 4 
3.127581 5.221157 1 
7.492594 8.358413 2 
4.113913 6.183685 1 
3.517582 5.906252 1 
7.466572 6.627692 2 
0.859798 4.685456 1 
5.131807 3.238465 4 
8.574734 8.157199 2 
9.289897 7.038777 2 
4.335959 2.385601 4 
9.734076 8.830609 2 
4.790321 3.564799 4 
8.637902 5.466234 2 
2.472942 6.519364 1 
3.73959 6.766728 1 
9.829093 6.632109 2 
7.648222 4.586516 2 
9.97379 8.273503 2 
2.883897 6.146269 1 
8.155234 9.979169 2 
9.085132 9.184477 2 
2.900374 6.247226 1 
1.875368 6.520816 1 
7.875512 6.052404 2 
4.769091 2.015819 4 
2.82145 5.639832 1 
2.686612 6.667006 1 
4.756943 3.375343 4 
5.416247 2.683759 4 
4.653257 1.781251 4 
8.538416 9.337399 2 
9.208957 7.596191 2 
0.910357 3.622752 6 
7.712256 6.33934 2 
0.616667 4.726392 6 
3.187938 5.580956 1 
3.749927 6.599173 1 
4.799573 3.537583 4 
9.876737 6.666005 2 
4.347801 1.897103 4 
9.228708 8.672413 2 
8.637528 6.882361 2 
2.87039 5.96619 1 
1.17922 5.8538 1 
8.451166 9.482321 2 
4.776827 1.885881 4 
2.157843 6.798311 1 
7.937542 5.646618 2 
8.548785 6.464585 2 
8.9557 5.774958 2 
8.607175 6.193651 2 
4.300265 5.989765 1 
1.281639 2.079616 6 
8.823364 8.338089 2 
2.869114 6.583912 1 
2.407799 5.827013 1 
0.324703 3.074602 6 
4.602477 3.608325 4 
8.419206 9.264259 2 
8.821177 6.779975 2 
3.024416 5.811836 1 
-0.051683 3.4771 6 
9.438837 7.179243 2 
9.487717 7.199591 2 
8.253514 9.403909 2 
8.176928 6.95189 2 
9.973371 6.578907 2 
6.899424 6.017306 2 
5.431409 1.494723 4 
3.243868 6.12346 1 
3.727691 3.381363 4 
8.767048 6.612066 2 
5.254525 2.994031 4 
9.881351 6.936985 2 
3.084847 6.489485 1 
8.623811 8.027011 2 
2.948216 5.927716 1 
1.547997 6.738571 1 
5.219401 2.776993 4 
8.310976 6.209722 2 
9.078431 7.918413 2 
9.480508 9.342543 2 
0.428391 2.936158 6 
1.318614 6.346808 1 
7.537336 5.80405 2 
3.348683 3.591043 4 
0.082061 1.771396 6 
3.550637 1.781465 4 
9.764905 8.063423 2 
3.501531 1.871723 4 
2.375264 6.740798 1 
-0.654913 2.30849 6 
8.473096 5.626044 2 
9.285214 9.237155 2 
2.341342 6.646986 1 
10.348949 8.216441 2 
2.061431 6.754803 1 
7.980232 5.160516 2 
3.164662 5.537586 1 
2.392078 5.725104 1 
8.919916 4.931186 2 
1.965626 6.05874 1 
9.463851 6.761537 2 
8.987699 7.050273 2 
2.860051 6.172353 1 
9.476421 7.150635 2 
7.853982 4.766614 2 
4.201509 2.869507 4 
8.752914 5.725562 2 
2.872984 5.880646 1 
2.749081 7.377389 1 
3.087141 6.977963 1 
4.314507 1.806647 4 
4.410333 4.286791 4 
7.955004 6.851468 2 
2.831058 5.84241 1 
8.514016 4.436332 2 
2.130171 6.117145 1 
6.673169 2.613929 4 
8.89571 7.753501 2 
8.763046 7.869709 2 
8.58873 6.5731 2 
8.777976 8.416407 2 
0.776287 2.640262 6 
9.573552 8.025601 2 
8.75647 7.832839 2 
3.076271 5.461701 1 
4.405469 1.768067 4 
9.087492 8.408009 2 
8.398091 6.675259 2 
10.094609 6.895015 2 
0.098105 3.419804 6 
0.114895 1.172868 6 
9.50927 9.342105 2 
8.721256 8.146637 2 
3.658076 5.959654 1 
2.952055 4.917375 1 
1.956379 7.277737 1 
3.576628 5.77087 1 
